[37;1m2026-09-10 17:24:13.687 [31;1m[[37;1mXMLPARSER[31;1m Error] [37mInvalid element found into 'writerQosPoliciesType'. Name: history[34;1m -> Function [36mgetXMLWriterQosPolicies[m
[37;1m2026-09-10 17:24:13.687 [31;1m[[37;1mXMLPARSER[31;1m Error] [37mError parsing publisher profile[34;1m -> Function [36mparseXMLPublisherProf[m
[37;1m2026-09-10 17:24:13.687 [31;1m[[37;1mXMLPARSER[31;1m Error] [37mError parsing profile's tag data_writer[34;1m -> Function [36mparseProfiles[m
[37;1m2026-09-10 17:24:13.687 [31;1m[[37;1mXMLPARSER[31;1m Error] [37mInvalid element found into 'readerQosPoliciesType'. Name: history[34;1m -> Function [36mgetXMLReaderQosPolicies[m
[37;1m2026-09-10 17:24:13.687 [31;1m[[37;1mXMLPARSER[31;1m Error] [37mError parsing subscriber profile[34;1m -> Function [36mparseXMLSubscriberProf[m
[37;1m2026-09-10 17:24:13.687 [31;1m[[37;1mXMLPARSER[31;1m Error] [37mError parsing profile's tag data_reader[34;1m -> Function [36mparseProfiles[m
[37;1m2026-09-10 17:24:13.687 [31;1m[[37;1mXMLPARSER[31;1m Error] [37mInvalid element found into 'writerQosPoliciesType'. Name: history[34;1m -> Function [36mgetXMLWriterQosPolicies[m
[37;1m2026-09-10 17:24:13.687 [31;1m[[37;1mXMLPARSER[31;1m Error] [37mError parsing publisher profile[34;1m -> Function [36mparseXMLPublisherProf[m
[37;1m2026-09-10 17:24:13.687 [31;1m[[37;1mXMLPARSER[31;1m Error] [37mError parsing profile's tag data_writer[34;1m -> Function [36mparseProfiles[m
[37;1m2026-09-10 17:24:13.687 [31;1m[[37;1mXMLPARSER[31;1m Error] [37mInvalid element found into 'readerQosPoliciesType'. Name: history[34;1m -> Function [36mgetXMLReaderQosPolicies[m
[37;1m2026-09-10 17:24:13.687 [31;1m[[37;1mXMLPARSER[31;1m Error] [37mError parsing subscriber profile[34;1m -> Function [36mparseXMLSubscriberProf[m
[37;1m2026-09-10 17:24:13.687 [31;1m[[37;1mXMLPARSER[31;1m Error] [37mError parsing profile's tag data_reader[34;1m -> Function [36mparseProfiles[m
[37;1m2026-09-10 17:24:13.687 [31;1m[[37;1mXMLPARSER[31;1m Error] [37mInvalid element found into 'writerQosPoliciesType'. Name: history[34;1m -> Function [36mgetXMLWriterQosPolicies[m
[37;1m2026-09-10 17:24:13.687 [31;1m[[37;1mXMLPARSER[31;1m Error] [37mError parsing publisher profile[34;1m -> Function [36mparseXMLPublisherProf[m
[37;1m2026-09-10 17:24:13.687 [31;1m[[37;1mXMLPARSER[31;1m Error] [37mError parsing profile's tag data_writer[34;1m -> Function [36mparseProfiles[m
[37;1m2026-09-10 17:24:13.687 [31;1m[[37;1mXMLPARSER[31;1m Error] [37mInvalid element found into 'readerQosPoliciesType'. Name: history[34;1m -> Function [36mgetXMLReaderQosPolicies[m
[37;1m2026-09-10 17:24:13.687 [31;1m[[37;1mXMLPARSER[31;1m Error] [37mError parsing subscriber profile[34;1m -> Function [36mparseXMLSubscriberProf[m
[37;1m2026-09-10 17:24:13.687 [31;1m[[37;1mXMLPARSER[31;1m Error] [37mError parsing profile's tag data_reader[34;1m -> Function [36mparseProfiles[m
[37;1m2026-09-10 17:24:13.687 [31;1m[[37;1mXMLPARSER[31;1m Error] [37mError parsing '/work/config/fastdds.xml'[34;1m -> Function [36mloadXMLFile[m
{
  "status": "ok",
  "chain": "A",
  "topology": "same-process",
  "domain_id": 42,
  "rmw": "rmw_fastrtps_cpp",
  "ros_domain_id": "42",
  "cyclonedds_uri": "",
  "iceoryx": "default",
  "metric": "round-trip time (ping-pong in scripts/bench/pingpong.py)",
  "units": "microseconds",
  "note": "Per-message RTT from a thin wrapper. Not a root-cause claim. Do not compare Chain A and Chain B in one table. Upstream pytest -m tool -k dds reports throughput / drain time, not these percentiles.",
  "errors": [],
  "cases": [
    {
      "name": "ros_high_throughput",
      "impl": "rclpy ByteMultiArray ping-pong (not DimosROS library QoS rewrite)",
      "qos": "high_throughput",
      "msg_size_bytes": 64,
      "warmup": 50,
      "requested_samples": 400,
      "recorded_samples": 400,
      "timeouts": 0,
      "timeout_s": 1.0,
      "metric": "rtt",
      "units": "microseconds",
      "p50_us": 217.286,
      "p95_us": 281.3659999999999,
      "p99_us": 308.9812,
      "min_us": 210.092,
      "max_us": 337.743,
      "mean_us": 226.7626775,
      "stdev_us": 22.93790242183216,
      "rtt_us": [
        216.09,
        216.363,
        215.355,
        218.466,
        215.996,
        217.744,
        213.769,
        222.69,
        273.929,
        217.609,
        219.515,
        224.375,
        214.659,
        224.851,
        214.499,
        216.474,
        292.631,
        234.922,
        225.422,
        227.72,
        294.045,
        229.188,
        223.954,
        220.308,
        225.93,
        218.502,
        264.614,
        215.045,
        218.76,
        218.057,
        229.813,
        273.707,
        218.262,
        219.468,
        216.895,
        215.854,
        215.876,
        217.149,
        219.134,
        220.108,
        217.814,
        217.908,
        230.965,
        270.233,
        240.191,
        220.03,
        224.327,
        227.208,
        219.027,
        216.912,
        215.741,
        217.362,
        216.446,
        227.465,
        272.035,
        219.039,
        219.208,
        219.036,
        218.177,
        222.389,
        218.216,
        219.065,
        214.654,
        218.065,
        218.147,
        227.579,
        275.922,
        218.72,
        217.271,
        218.081,
        215.154,
        214.422,
        216.598,
        247.924,
        245.454,
        226.872,
        217.722,
        270.315,
        219.783,
        215.133,
        214.107,
        217.473,
        212.764,
        215.507,
        215.421,
        215.788,
        217.533,
        220.927,
        236.267,
        272.364,
        217.599,
        217.966,
        224.606,
        269.716,
        214.7,
        213.812,
        216.502,
        215.766,
        215.499,
        216.376,
        225.988,
        216.518,
        250.654,
        259.86,
        221.699,
        214.675,
        217.827,
        216.88,
        214.382,
        217.853,
        214.186,
        227.251,
        213.94,
        216.517,
        214.847,
        215.167,
        215.747,
        269.665,
        216.731,
        217.47,
        216.898,
        275.671,
        217.672,
        221.38,
        217.487,
        216.237,
        215.712,
        217.329,
        217.48,
        214.211,
        214.176,
        238.651,
        243.076,
        237.51,
        257.465,
        277.364,
        219.299,
        214.021,
        218.538,
        299.047,
        216.665,
        217.634,
        221.377,
        215.374,
        215.405,
        217.005,
        225.872,
        216.278,
        214.215,
        210.725,
        216.236,
        216.676,
        214.197,
        214.344,
        220.987,
        217.261,
        215.253,
        213.127,
        215.609,
        214.471,
        234.85,
        251.129,
        226.281,
        218.841,
        219.376,
        215.774,
        225.685,
        215.019,
        215.349,
        225.004,
        214.214,
        213.285,
        218.833,
        218.002,
        213.82,
        216.637,
        213.506,
        217.67,
        218.233,
        213.057,
        294.137,
        217.428,
        213.707,
        215.564,
        213.983,
        220.826,
        245.147,
        242.382,
        216.764,
        307.472,
        262.62,
        231.65,
        215.507,
        214.35,
        214.525,
        216.303,
        237.542,
        214.518,
        220.039,
        271.537,
        217.672,
        217.179,
        215.871,
        224.545,
        271.888,
        224.767,
        221.439,
        226.343,
        217.301,
        216.427,
        215.755,
        213.262,
        214.219,
        214.809,
        214.794,
        227.151,
        214.743,
        258.694,
        268.424,
        218.535,
        213.778,
        215.918,
        214.339,
        213.407,
        214.821,
        218.235,
        228.481,
        270.107,
        217.909,
        217.011,
        213.171,
        213.415,
        217.563,
        223.195,
        277.301,
        222.494,
        215.756,
        219.771,
        232.668,
        217.192,
        217.755,
        216.496,
        213.906,
        217.089,
        218.448,
        215.418,
        243.3,
        305.821,
        221.602,
        223.04,
        214.177,
        214.575,
        216.164,
        217.497,
        215.631,
        218.654,
        212.674,
        215.384,
        211.865,
        215.46,
        213.846,
        223.705,
        218.463,
        214.608,
        214.983,
        309.001,
        291.847,
        293.47,
        305.427,
        226.256,
        216.998,
        233.981,
        216.309,
        274.566,
        308.981,
        314.268,
        295.332,
        222.756,
        220.915,
        225.452,
        215.196,
        231.185,
        218.077,
        215.558,
        214.291,
        213.139,
        213.546,
        213.996,
        265.569,
        217.047,
        212.214,
        214.912,
        268.029,
        270.645,
        241.936,
        233.161,
        215.467,
        214.512,
        214.173,
        216.207,
        322.663,
        263.265,
        242.275,
        229.34,
        217.865,
        228.074,
        297.202,
        216.209,
        213.686,
        215.633,
        214.807,
        212.537,
        214.495,
        216.365,
        214.754,
        217.994,
        216.268,
        214.16,
        215.134,
        216.404,
        214.577,
        212.59,
        214.788,
        222.426,
        213.659,
        239.556,
        257.362,
        274.887,
        218.028,
        281.238,
        337.743,
        227.494,
        219.538,
        216.919,
        213.465,
        213.741,
        214.969,
        216.303,
        214.051,
        210.182,
        216.759,
        213.334,
        214.759,
        211.848,
        212.176,
        212.326,
        216.257,
        213.018,
        215.215,
        214.312,
        214.478,
        211.866,
        216.106,
        216.031,
        216.025,
        214.977,
        218.195,
        210.092,
        293.419,
        295.447,
        234.494,
        223.591,
        216.402,
        216.811,
        283.798,
        218.437,
        214.159,
        211.205,
        213.193,
        211.392,
        212.079,
        219.031,
        214.032,
        242.182,
        267.631,
        216.659,
        214.691,
        218.176,
        215.371,
        212.103,
        212.3,
        211.986,
        212.775,
        214.163,
        226.422,
        215.98,
        220.998,
        287.38,
        216.417,
        216.86,
        213.584,
        212.327,
        213.312,
        213.154,
        212.603,
        212.141,
        222.287,
        212.478,
        222.32,
        214.122
      ]
    },
    {
      "name": "ros_high_throughput",
      "impl": "rclpy ByteMultiArray ping-pong (not DimosROS library QoS rewrite)",
      "qos": "high_throughput",
      "msg_size_bytes": 1024,
      "warmup": 50,
      "requested_samples": 400,
      "recorded_samples": 400,
      "timeouts": 0,
      "timeout_s": 1.0,
      "metric": "rtt",
      "units": "microseconds",
      "p50_us": 360.9535,
      "p95_us": 461.64005,
      "p99_us": 498.5123799999997,
      "min_us": 351.116,
      "max_us": 629.466,
      "mean_us": 377.87473,
      "stdev_us": 37.63539822609959,
      "rtt_us": [
        388.222,
        427.418,
        442.672,
        445.614,
        451.786,
        450.559,
        457.074,
        462.535,
        462.188,
        479.806,
        498.149,
        462.609,
        460.75,
        461.619,
        469.853,
        534.537,
        455.219,
        466.341,
        468.736,
        459.055,
        463.902,
        458.486,
        451.981,
        458.076,
        450.669,
        446.142,
        446.646,
        377.709,
        376.141,
        372.655,
        364.272,
        368.347,
        384.625,
        394.007,
        425.372,
        370.341,
        408.861,
        415.117,
        443.201,
        474.966,
        460.135,
        629.466,
        489.923,
        471.813,
        466.366,
        454.8,
        462.04,
        394.214,
        432.169,
        378.236,
        397.518,
        386.572,
        380.746,
        357.808,
        357.221,
        354.703,
        354.871,
        360.281,
        424.844,
        378.143,
        356.893,
        355.712,
        356.951,
        357.712,
        377.681,
        374.134,
        356.504,
        354.711,
        354.847,
        364.626,
        372.151,
        393.331,
        365.994,
        375.799,
        355.777,
        353.987,
        356.99,
        357.686,
        353.418,
        359.089,
        356.523,
        362.603,
        426.363,
        382.766,
        358.73,
        354.614,
        361.59,
        356.796,
        354.018,
        368.025,
        385.412,
        398.476,
        354.254,
        360.686,
        353.363,
        354.311,
        353.855,
        365.902,
        361.226,
        354.635,
        353.815,
        352.786,
        371.746,
        359.657,
        355.719,
        364.132,
        437.37,
        375.405,
        361.928,
        357.502,
        412.877,
        387.412,
        358.725,
        358.666,
        353.498,
        351.116,
        413.079,
        361.158,
        362.316,
        360.526,
        357.951,
        359.179,
        357.231,
        353.399,
        355.318,
        357.502,
        356.412,
        359.602,
        354.074,
        372.133,
        534.487,
        408.643,
        440.318,
        441.289,
        447.701,
        378.132,
        557.849,
        452.479,
        391.775,
        371.598,
        368.022,
        373.547,
        365.837,
        361.731,
        360.515,
        355.664,
        361.846,
        361.748,
        414.036,
        376.929,
        368.126,
        361.371,
        355.4,
        371.09,
        362.205,
        360.464,
        358.966,
        357.235,
        367.954,
        361.412,
        359.584,
        362.532,
        382.352,
        358.269,
        355.8,
        357.489,
        362.484,
        479.539,
        442.016,
        377.538,
        357.011,
        357.374,
        357.214,
        354.991,
        358.077,
        405.289,
        378.811,
        357.874,
        354.239,
        353.778,
        356.701,
        360.595,
        364.766,
        354.173,
        357.228,
        358.009,
        357.481,
        409.181,
        403.722,
        356.193,
        356.833,
        361.668,
        360.289,
        356.906,
        357.679,
        355.321,
        364.28,
        358.1,
        360.269,
        356.579,
        357.891,
        360.905,
        360.499,
        355.46,
        378.647,
        355.414,
        369.27,
        400.669,
        468.698,
        360.504,
        359.756,
        360.513,
        357.735,
        365.568,
        361.568,
        362.031,
        357.651,
        357.291,
        359.748,
        354.311,
        358.846,
        360.046,
        360.607,
        364.071,
        354.349,
        356.782,
        356.264,
        392.007,
        361.931,
        355.124,
        361.706,
        356.061,
        356.898,
        360.577,
        358.955,
        357.308,
        393.106,
        357.82,
        355.575,
        355.29,
        357.519,
        356.81,
        358.134,
        361.074,
        354.217,
        358.418,
        370.773,
        402.538,
        426.347,
        367.338,
        360.122,
        359.443,
        355.609,
        354.152,
        361.042,
        358.023,
        357.497,
        372.413,
        355.609,
        357.447,
        352.382,
        361.207,
        370.811,
        383.284,
        368.851,
        377.804,
        359.18,
        393.953,
        399.63,
        359.799,
        366.505,
        359.746,
        360.55,
        355.999,
        357.938,
        359.165,
        360.479,
        376.315,
        365.318,
        364.275,
        361.002,
        355.557,
        357.215,
        356.144,
        358.704,
        358.567,
        364.309,
        380.038,
        424.121,
        361.228,
        357.0,
        359.43,
        359.216,
        365.822,
        358.528,
        360.424,
        355.009,
        362.056,
        375.043,
        362.071,
        357.449,
        359.87,
        365.925,
        358.703,
        355.33,
        361.324,
        357.391,
        397.825,
        398.344,
        369.189,
        363.008,
        355.748,
        368.246,
        366.356,
        355.464,
        359.988,
        355.209,
        357.36,
        369.677,
        356.348,
        357.005,
        354.927,
        360.437,
        354.633,
        356.967,
        352.885,
        361.348,
        363.099,
        420.182,
        359.307,
        368.899,
        357.281,
        357.829,
        355.44,
        362.412,
        437.309,
        417.254,
        362.394,
        358.792,
        358.924,
        358.449,
        354.237,
        361.919,
        362.603,
        355.454,
        361.944,
        355.143,
        404.917,
        435.177,
        354.333,
        356.654,
        357.051,
        355.501,
        354.864,
        354.176,
        358.816,
        358.228,
        357.501,
        364.211,
        356.718,
        354.325,
        356.384,
        364.282,
        355.311,
        356.554,
        362.748,
        368.861,
        406.587,
        431.223,
        374.682,
        363.065,
        357.909,
        355.033,
        359.932,
        359.661,
        359.608,
        380.063,
        369.061,
        362.253,
        361.907,
        364.524,
        354.914,
        366.298,
        357.602,
        364.819,
        361.198,
        356.791,
        401.326,
        385.446,
        357.118,
        358.422,
        353.594,
        354.098,
        356.274,
        355.229,
        352.351,
        355.137,
        404.05,
        375.087,
        360.434
      ]
    },
    {
      "name": "ros_high_throughput",
      "impl": "rclpy ByteMultiArray ping-pong (not DimosROS library QoS rewrite)",
      "qos": "high_throughput",
      "msg_size_bytes": 16384,
      "warmup": 50,
      "requested_samples": 400,
      "recorded_samples": 400,
      "timeouts": 0,
      "timeout_s": 1.0,
      "metric": "rtt",
      "units": "microseconds",
      "p50_us": 2937.776,
      "p95_us": 3196.5423499999993,
      "p99_us": 3663.392999999999,
      "min_us": 2569.256,
      "max_us": 7733.006,
      "mean_us": 2958.779605,
      "stdev_us": 318.0663377462773,
      "rtt_us": [
        3081.537,
        2941.235,
        2923.336,
        2811.346,
        2992.659,
        2968.059,
        3125.692,
        3072.375,
        2839.55,
        3017.679,
        3030.948,
        3153.425,
        2973.573,
        2956.297,
        2881.262,
        2998.774,
        2993.798,
        3145.529,
        2929.992,
        3025.078,
        2820.42,
        3022.286,
        2961.274,
        3195.142,
        3074.063,
        2965.11,
        2848.217,
        3014.53,
        2985.033,
        3151.161,
        3059.853,
        2994.24,
        2864.232,
        2725.81,
        2996.187,
        3216.436,
        3029.964,
        3009.078,
        2900.88,
        2990.255,
        3080.357,
        3145.659,
        2894.046,
        3122.199,
        3334.041,
        2725.448,
        2977.861,
        3180.925,
        2988.853,
        2992.591,
        3032.047,
        2756.625,
        3084.278,
        3155.987,
        2992.11,
        3007.61,
        3019.549,
        2714.472,
        2980.549,
        3113.175,
        2973.193,
        2981.098,
        2995.451,
        2745.553,
        3027.08,
        3151.654,
        2962.581,
        2940.99,
        3088.937,
        2746.671,
        3036.092,
        3036.982,
        2930.036,
        2937.089,
        2757.172,
        2921.623,
        2891.936,
        3051.634,
        2680.63,
        2914.672,
        2771.096,
        2955.309,
        2840.406,
        3043.384,
        2946.881,
        2671.788,
        2995.066,
        2875.028,
        2874.2,
        2806.746,
        2720.856,
        2902.548,
        3075.173,
        2884.183,
        2880.051,
        2976.568,
        3052.798,
        3062.286,
        2940.037,
        2894.03,
        2962.268,
        3152.571,
        3008.182,
        2918.612,
        2988.592,
        2838.243,
        2958.299,
        2664.593,
        2631.825,
        2963.938,
        2906.89,
        2884.375,
        2611.102,
        2945.723,
        5290.818,
        3011.616,
        2950.941,
        3022.41,
        2908.498,
        2730.216,
        2628.126,
        2918.233,
        2910.652,
        2886.499,
        2931.011,
        2654.882,
        2895.675,
        2848.83,
        2923.604,
        3021.519,
        2991.536,
        2968.05,
        2973.963,
        2863.828,
        2887.698,
        2950.158,
        2879.231,
        2645.698,
        3065.889,
        2897.648,
        2960.084,
        3320.321,
        2939.066,
        2724.406,
        2950.882,
        3024.097,
        2986.269,
        3031.632,
        3008.312,
        2780.352,
        2983.769,
        2664.657,
        2915.77,
        2906.019,
        2655.54,
        2919.691,
        3048.885,
        2822.766,
        2942.634,
        2704.837,
        2904.554,
        2917.946,
        3207.759,
        2937.665,
        3084.061,
        2734.297,
        2918.626,
        2859.74,
        3095.909,
        2961.367,
        2679.38,
        3057.177,
        2899.348,
        2957.707,
        2767.022,
        2655.279,
        2948.087,
        2816.321,
        2910.948,
        2935.734,
        2782.955,
        3065.325,
        3073.728,
        2993.342,
        2931.275,
        2935.119,
        2751.34,
        3020.19,
        2907.593,
        3054.558,
        2895.631,
        2945.751,
        2666.346,
        2918.515,
        2935.871,
        2890.244,
        2859.42,
        3086.954,
        2680.297,
        2909.674,
        2933.865,
        3012.269,
        2899.538,
        2907.07,
        2683.686,
        3027.968,
        2929.603,
        2885.834,
        2967.009,
        2658.67,
        2983.927,
        3156.024,
        2903.758,
        2886.148,
        2940.658,
        2630.532,
        2963.152,
        3136.625,
        2930.081,
        2844.794,
        3297.441,
        3008.869,
        2922.882,
        2897.136,
        2914.006,
        2845.524,
        2646.096,
        2643.015,
        2924.33,
        2932.657,
        2812.234,
        2903.145,
        2697.182,
        2926.183,
        2899.945,
        3033.638,
        2944.499,
        2640.545,
        2815.509,
        2965.596,
        2935.516,
        2874.303,
        2753.059,
        2969.558,
        3107.044,
        3016.469,
        2863.727,
        2720.548,
        2893.431,
        2959.892,
        3024.127,
        2992.991,
        2907.632,
        2787.267,
        2982.398,
        2943.128,
        2944.529,
        2904.784,
        3002.4,
        2747.153,
        2987.978,
        2963.389,
        2969.035,
        2945.876,
        2867.857,
        2794.339,
        2925.691,
        2942.068,
        2908.51,
        2953.441,
        2917.248,
        2682.753,
        3012.368,
        2977.824,
        3158.035,
        2753.607,
        2937.887,
        2942.013,
        2966.786,
        2886.506,
        2973.278,
        2930.753,
        2917.767,
        2978.185,
        3400.465,
        3385.182,
        3641.056,
        3577.207,
        3662.333,
        3817.307,
        3526.789,
        2901.288,
        2834.517,
        2874.482,
        2685.872,
        3768.333,
        3558.203,
        2895.886,
        2910.391,
        2874.062,
        2593.859,
        2799.531,
        2829.29,
        2999.065,
        2942.164,
        3017.134,
        2672.401,
        2938.101,
        2921.147,
        2939.167,
        2970.434,
        2600.08,
        3029.055,
        3046.069,
        2948.85,
        2921.787,
        2935.058,
        2714.524,
        2922.072,
        3075.754,
        2889.535,
        3659.298,
        7733.006,
        3439.645,
        2575.833,
        2927.863,
        3194.243,
        2897.378,
        2947.697,
        3371.044,
        2841.603,
        2850.375,
        2872.088,
        2942.493,
        2828.291,
        3195.952,
        2927.958,
        2744.322,
        2830.59,
        2950.712,
        3001.747,
        3132.828,
        2857.786,
        2709.599,
        2786.348,
        2868.205,
        2929.613,
        3080.329,
        3021.038,
        2690.082,
        3093.493,
        2960.5,
        2950.169,
        2804.882,
        2755.522,
        2932.463,
        3165.797,
        2993.52,
        2882.673,
        2686.843,
        3084.105,
        3022.382,
        3049.56,
        2968.054,
        3183.601,
        2625.454,
        2638.686,
        2830.181,
        2928.396,
        2623.273,
        2569.256,
        2911.374,
        2952.976,
        2803.42,
        2676.076,
        2951.432,
        2934.267,
        2926.807,
        2969.103,
        2988.326,
        2708.002,
        3279.614,
        2763.086,
        2876.416,
        3024.489,
        2718.207,
        2914.564,
        3064.2,
        2986.402,
        2956.009,
        2783.079,
        2932.711,
        2934.902,
        3017.562,
        3010.046,
        2882.711,
        2678.276,
        2962.842,
        2924.829,
        2970.404
      ]
    },
    {
      "name": "ros_high_throughput",
      "impl": "rclpy ByteMultiArray ping-pong (not DimosROS library QoS rewrite)",
      "qos": "high_throughput",
      "msg_size_bytes": 65536,
      "warmup": 50,
      "requested_samples": 400,
      "recorded_samples": 400,
      "timeouts": 0,
      "timeout_s": 1.0,
      "metric": "rtt",
      "units": "microseconds",
      "p50_us": 10154.792,
      "p95_us": 10628.4595,
      "p99_us": 12220.040369999999,
      "min_us": 9773.283,
      "max_us": 13632.553,
      "mean_us": 10244.894405,
      "stdev_us": 365.5725077613755,
      "rtt_us": [
        11489.101,
        10230.425,
        10209.918,
        10159.894,
        10054.656,
        10289.011,
        10063.983,
        10210.14,
        10129.15,
        10126.036,
        10278.708,
        10182.811,
        9964.21,
        10230.808,
        10112.081,
        10149.587,
        10396.064,
        10409.373,
        10393.956,
        10001.19,
        10169.799,
        10468.674,
        10139.273,
        10017.598,
        10095.328,
        10671.011,
        10454.812,
        10136.95,
        10065.171,
        9994.209,
        10232.406,
        10149.93,
        10246.59,
        12219.888,
        10241.221,
        10088.564,
        10047.127,
        10212.247,
        10129.861,
        10046.929,
        9987.913,
        10010.323,
        10083.69,
        10353.895,
        9942.262,
        9916.507,
        10273.712,
        10044.262,
        10076.224,
        10034.427,
        10097.482,
        10299.366,
        10069.618,
        10317.118,
        10156.323,
        10203.965,
        10376.382,
        10184.994,
        9956.504,
        10405.391,
        10135.942,
        9945.447,
        10254.211,
        10465.042,
        10076.315,
        10296.651,
        10177.56,
        10007.484,
        10116.301,
        10043.332,
        10004.639,
        10240.488,
        10052.947,
        10088.011,
        10173.658,
        10279.012,
        10193.589,
        10547.996,
        10090.902,
        10056.305,
        10078.648,
        10034.229,
        10073.954,
        9889.559,
        10119.928,
        10087.049,
        9982.608,
        10375.394,
        10032.319,
        10061.295,
        10029.858,
        9984.669,
        10111.649,
        10347.056,
        10140.059,
        10123.226,
        10015.33,
        10067.556,
        10102.25,
        10331.199,
        9983.15,
        10042.099,
        10117.177,
        10100.4,
        10201.674,
        10283.77,
        10062.299,
        10155.146,
        9912.599,
        9974.975,
        10276.139,
        10241.692,
        10067.68,
        10101.443,
        10094.481,
        10019.528,
        10092.962,
        10302.482,
        10139.034,
        10124.495,
        10130.067,
        10213.51,
        10126.881,
        10104.043,
        10115.659,
        10021.683,
        10044.114,
        10064.543,
        10104.573,
        10226.442,
        10079.43,
        10087.246,
        10022.621,
        10116.132,
        10089.816,
        10102.693,
        10061.158,
        10081.943,
        10572.427,
        10198.233,
        10077.901,
        10170.953,
        10236.371,
        10160.042,
        10078.065,
        10209.306,
        10000.91,
        10035.246,
        10215.741,
        10451.052,
        10068.695,
        10092.608,
        10083.315,
        10182.49,
        10122.526,
        10264.735,
        10067.377,
        10105.517,
        10172.002,
        10384.185,
        10015.216,
        9983.598,
        10066.25,
        10305.185,
        10526.253,
        10246.128,
        10286.078,
        10070.456,
        10525.483,
        10627.723,
        9982.819,
        10204.084,
        10181.63,
        10570.12,
        10021.726,
        10060.451,
        10254.02,
        10078.191,
        10322.167,
        10126.277,
        13632.553,
        10112.283,
        10214.492,
        10121.127,
        10111.388,
        10382.379,
        10069.547,
        10036.869,
        10104.914,
        10533.623,
        10294.466,
        10112.159,
        10142.199,
        10274.651,
        10459.972,
        10218.825,
        9982.729,
        10433.54,
        10278.74,
        10130.626,
        10056.955,
        10055.446,
        10668.302,
        10131.843,
        10555.265,
        10266.888,
        10110.981,
        10101.331,
        10091.853,
        10239.15,
        10233.412,
        10208.874,
        10150.733,
        10432.873,
        10365.894,
        10325.629,
        10149.527,
        10059.6,
        10101.547,
        10056.479,
        10031.122,
        10060.107,
        10229.971,
        10278.209,
        10053.546,
        10188.908,
        10206.135,
        10059.902,
        10059.471,
        10291.667,
        10128.069,
        10323.939,
        10329.948,
        10594.723,
        9942.841,
        10057.492,
        10152.694,
        10587.495,
        9997.579,
        10008.786,
        10089.092,
        10445.289,
        9995.901,
        10262.239,
        10144.404,
        10110.07,
        9984.952,
        10162.615,
        10260.534,
        10037.25,
        9990.566,
        10344.578,
        10136.248,
        9911.221,
        10200.684,
        10122.154,
        10086.68,
        10102.645,
        10204.608,
        9773.283,
        9880.21,
        10209.178,
        10231.29,
        10264.866,
        10008.618,
        10429.374,
        10093.45,
        10620.795,
        10356.004,
        10189.465,
        10321.856,
        10032.625,
        10437.663,
        10192.486,
        10123.868,
        10054.901,
        10161.259,
        10397.351,
        10008.726,
        10100.157,
        10078.482,
        10565.275,
        10137.675,
        10126.094,
        10072.188,
        10136.395,
        10496.896,
        10092.979,
        12705.021,
        9953.368,
        10062.329,
        9976.481,
        10191.48,
        10109.777,
        9915.073,
        10374.014,
        9955.538,
        10804.436,
        10844.911,
        10736.105,
        12235.125,
        12347.8,
        11551.942,
        10105.828,
        10967.177,
        10184.383,
        12200.002,
        10394.534,
        10219.69,
        10227.615,
        10498.598,
        10283.726,
        10147.524,
        10471.841,
        10342.045,
        10279.585,
        10996.765,
        10642.453,
        10209.527,
        10357.521,
        10252.552,
        9988.621,
        10188.115,
        10558.892,
        10191.273,
        10353.726,
        10367.202,
        10149.302,
        10342.244,
        10613.965,
        9995.434,
        10296.248,
        10460.529,
        11031.808,
        10298.544,
        10227.53,
        9983.044,
        10084.401,
        10159.187,
        10329.418,
        10455.44,
        10282.362,
        9984.883,
        10351.842,
        10485.356,
        10336.712,
        10416.089,
        10404.529,
        10468.18,
        11083.636,
        10344.476,
        10098.538,
        10103.948,
        10291.645,
        10248.32,
        10253.926,
        10016.787,
        10043.747,
        10220.169,
        10197.351,
        10437.866,
        9862.855,
        10335.001,
        10216.568,
        10145.49,
        10154.959,
        10208.805,
        10111.461,
        10517.956,
        10196.337,
        9944.489,
        10418.478,
        10296.473,
        10305.619,
        10189.633,
        10354.894,
        10010.697,
        10471.183,
        10237.706,
        10061.064,
        10095.811,
        10570.467,
        9955.378,
        10177.007,
        10442.197,
        10044.259,
        9793.142,
        10103.41,
        9982.898,
        10490.939,
        10194.527,
        10154.625,
        10073.33,
        11134.219,
        10519.495,
        10124.765,
        10580.392,
        10858.542,
        10114.281,
        10618.906
      ]
    },
    {
      "name": "ros_reliable",
      "impl": "rclpy ByteMultiArray ping-pong (not DimosROS library QoS rewrite)",
      "qos": "reliable",
      "msg_size_bytes": 64,
      "warmup": 50,
      "requested_samples": 400,
      "recorded_samples": 400,
      "timeouts": 0,
      "timeout_s": 1.0,
      "metric": "rtt",
      "units": "microseconds",
      "p50_us": 222.749,
      "p95_us": 336.91799999999995,
      "p99_us": 444.97055999999964,
      "min_us": 210.189,
      "max_us": 788.662,
      "mean_us": 248.21482,
      "stdev_us": 59.876887334326256,
      "rtt_us": [
        214.42,
        226.348,
        268.871,
        215.807,
        248.628,
        219.469,
        223.221,
        387.521,
        281.855,
        365.663,
        330.323,
        235.711,
        284.166,
        232.728,
        295.919,
        315.591,
        334.884,
        230.901,
        229.814,
        623.634,
        323.29,
        299.284,
        302.181,
        231.32,
        220.874,
        216.446,
        218.96,
        228.483,
        265.711,
        307.889,
        221.592,
        213.106,
        266.939,
        215.729,
        213.648,
        210.189,
        264.013,
        213.438,
        225.662,
        271.682,
        257.275,
        314.005,
        229.557,
        267.981,
        212.731,
        225.4,
        269.881,
        214.118,
        429.553,
        444.559,
        242.426,
        338.286,
        225.896,
        226.234,
        222.336,
        272.254,
        279.719,
        220.613,
        215.649,
        231.404,
        288.953,
        283.939,
        277.395,
        218.874,
        218.335,
        214.444,
        214.956,
        248.594,
        318.052,
        220.608,
        266.161,
        270.432,
        215.696,
        268.719,
        215.986,
        213.539,
        215.228,
        266.28,
        212.589,
        214.184,
        264.665,
        268.702,
        228.42,
        213.002,
        211.855,
        213.956,
        214.511,
        213.304,
        214.815,
        265.496,
        213.868,
        212.939,
        285.124,
        270.233,
        309.858,
        328.759,
        302.235,
        276.459,
        222.852,
        271.513,
        272.897,
        278.847,
        218.409,
        270.946,
        235.564,
        276.816,
        218.753,
        214.558,
        215.905,
        216.008,
        217.246,
        215.573,
        212.654,
        212.696,
        212.819,
        215.046,
        215.476,
        214.23,
        213.119,
        213.992,
        211.908,
        216.056,
        218.235,
        319.479,
        242.214,
        214.566,
        219.563,
        226.943,
        216.176,
        218.355,
        218.111,
        216.895,
        220.746,
        216.925,
        227.685,
        222.628,
        251.356,
        248.37,
        324.683,
        249.884,
        354.996,
        425.907,
        254.524,
        312.105,
        247.181,
        225.173,
        272.946,
        279.808,
        244.69,
        273.12,
        252.696,
        282.268,
        216.67,
        223.418,
        216.385,
        213.154,
        213.845,
        215.725,
        215.545,
        227.527,
        269.532,
        217.459,
        214.885,
        216.901,
        215.268,
        215.992,
        220.547,
        215.545,
        222.646,
        238.417,
        219.565,
        228.96,
        270.195,
        218.609,
        220.736,
        217.961,
        214.301,
        215.576,
        215.834,
        263.423,
        336.846,
        219.591,
        232.496,
        278.464,
        281.339,
        223.728,
        221.238,
        235.063,
        384.005,
        343.486,
        289.006,
        335.992,
        243.606,
        226.505,
        221.189,
        217.625,
        272.148,
        788.662,
        251.564,
        295.84,
        233.04,
        229.352,
        275.653,
        278.117,
        273.28,
        265.736,
        215.216,
        739.756,
        244.189,
        227.472,
        281.344,
        223.109,
        219.604,
        272.924,
        274.588,
        279.613,
        221.609,
        217.134,
        214.963,
        215.53,
        215.119,
        249.495,
        232.219,
        268.291,
        214.564,
        278.154,
        269.504,
        218.395,
        382.491,
        485.715,
        271.379,
        226.246,
        231.508,
        220.367,
        213.703,
        216.571,
        265.486,
        238.876,
        217.509,
        269.802,
        219.298,
        217.509,
        212.832,
        214.407,
        269.856,
        217.151,
        220.376,
        214.582,
        215.715,
        218.672,
        216.275,
        212.446,
        217.584,
        213.349,
        210.466,
        226.996,
        271.522,
        269.623,
        249.189,
        224.619,
        212.345,
        213.621,
        211.913,
        213.63,
        214.482,
        211.997,
        212.628,
        219.52,
        214.041,
        211.422,
        212.9,
        212.529,
        211.9,
        267.286,
        291.498,
        362.356,
        243.24,
        228.473,
        273.143,
        231.31,
        215.26,
        275.6,
        295.05,
        222.495,
        270.686,
        260.834,
        404.237,
        314.505,
        300.719,
        222.325,
        216.171,
        271.996,
        221.965,
        270.545,
        264.865,
        219.409,
        216.584,
        216.044,
        216.439,
        227.167,
        218.313,
        213.727,
        211.877,
        213.673,
        212.39,
        214.256,
        269.854,
        214.894,
        213.039,
        210.856,
        212.231,
        220.938,
        213.543,
        230.642,
        316.74,
        316.622,
        219.981,
        213.844,
        247.175,
        275.392,
        325.092,
        351.425,
        237.228,
        339.904,
        226.563,
        220.588,
        289.52,
        283.014,
        220.888,
        269.595,
        219.138,
        215.894,
        217.904,
        215.611,
        210.754,
        267.357,
        213.719,
        210.813,
        213.68,
        214.275,
        216.7,
        238.764,
        274.86,
        217.171,
        227.074,
        268.681,
        216.439,
        213.148,
        216.17,
        212.423,
        265.518,
        212.948,
        215.174,
        213.195,
        212.803,
        210.213,
        222.339,
        268.366,
        213.825,
        213.647,
        213.585,
        211.053,
        216.024,
        218.582,
        213.603,
        246.128,
        216.325,
        214.364,
        226.389,
        217.751,
        368.729,
        417.616,
        262.423,
        220.092,
        275.676,
        271.685,
        281.125,
        218.76,
        231.138,
        235.414,
        218.392,
        213.407,
        217.538,
        227.347,
        219.311,
        225.893,
        212.689,
        214.179,
        213.137,
        215.099,
        223.343,
        214.968,
        211.137,
        266.779,
        211.168,
        212.495,
        269.765,
        214.729,
        245.809,
        214.577
      ]
    },
    {
      "name": "ros_reliable",
      "impl": "rclpy ByteMultiArray ping-pong (not DimosROS library QoS rewrite)",
      "qos": "reliable",
      "msg_size_bytes": 1024,
      "warmup": 50,
      "requested_samples": 400,
      "recorded_samples": 400,
      "timeouts": 0,
      "timeout_s": 1.0,
      "metric": "rtt",
      "units": "microseconds",
      "p50_us": 364.966,
      "p95_us": 487.40585,
      "p99_us": 527.6847399999998,
      "min_us": 351.846,
      "max_us": 4769.939,
      "mean_us": 396.02411,
      "stdev_us": 223.1348249606567,
      "rtt_us": [
        358.767,
        357.976,
        355.272,
        356.367,
        355.168,
        365.085,
        482.424,
        447.188,
        354.211,
        372.853,
        359.354,
        356.738,
        367.285,
        364.249,
        357.489,
        355.369,
        355.07,
        365.686,
        357.189,
        503.467,
        449.921,
        494.182,
        390.614,
        376.805,
        360.884,
        388.266,
        360.88,
        372.111,
        362.587,
        356.604,
        355.548,
        356.374,
        360.282,
        357.041,
        354.855,
        356.259,
        420.315,
        359.75,
        360.182,
        354.355,
        358.223,
        355.824,
        355.833,
        363.459,
        364.025,
        4769.939,
        524.132,
        402.808,
        494.853,
        483.584,
        475.414,
        497.734,
        485.209,
        371.984,
        415.683,
        401.236,
        382.126,
        449.304,
        379.208,
        358.733,
        365.311,
        363.094,
        357.46,
        357.382,
        359.683,
        378.173,
        357.805,
        357.312,
        352.198,
        353.991,
        354.668,
        358.704,
        377.576,
        589.089,
        434.646,
        365.024,
        363.137,
        358.06,
        354.283,
        369.693,
        354.82,
        356.162,
        358.775,
        354.58,
        359.5,
        358.906,
        354.049,
        364.17,
        435.287,
        381.948,
        361.776,
        362.861,
        373.181,
        450.004,
        369.404,
        355.82,
        358.106,
        355.353,
        357.834,
        358.798,
        357.177,
        354.979,
        356.732,
        359.633,
        353.933,
        472.198,
        399.136,
        361.049,
        359.798,
        385.783,
        371.18,
        407.382,
        526.632,
        407.473,
        370.347,
        367.618,
        362.91,
        354.297,
        376.926,
        355.248,
        355.266,
        351.846,
        356.761,
        355.036,
        365.595,
        358.21,
        365.203,
        353.225,
        420.021,
        365.282,
        358.43,
        359.032,
        447.643,
        362.778,
        368.219,
        360.244,
        360.231,
        513.611,
        407.216,
        370.381,
        357.027,
        374.848,
        357.632,
        358.492,
        361.603,
        361.586,
        360.617,
        360.877,
        358.991,
        370.83,
        410.981,
        394.985,
        410.601,
        356.709,
        359.21,
        355.933,
        358.519,
        364.107,
        437.493,
        381.947,
        358.343,
        357.381,
        360.215,
        361.065,
        356.092,
        370.846,
        361.986,
        357.883,
        405.24,
        493.849,
        457.199,
        382.93,
        369.537,
        434.005,
        387.086,
        375.248,
        360.992,
        360.673,
        355.919,
        389.041,
        388.073,
        357.529,
        367.041,
        357.437,
        358.719,
        354.061,
        358.463,
        356.553,
        370.514,
        372.946,
        431.794,
        371.985,
        353.401,
        366.403,
        366.704,
        356.175,
        360.352,
        353.989,
        357.507,
        358.445,
        359.705,
        359.151,
        417.957,
        409.866,
        397.615,
        365.715,
        359.267,
        371.01,
        365.455,
        478.602,
        481.262,
        430.013,
        432.588,
        435.871,
        439.534,
        453.148,
        397.393,
        382.225,
        376.503,
        441.535,
        465.391,
        397.095,
        374.854,
        370.746,
        365.065,
        488.041,
        461.195,
        487.379,
        444.017,
        405.961,
        367.912,
        447.691,
        417.894,
        384.679,
        365.322,
        359.911,
        364.908,
        362.348,
        372.725,
        358.063,
        356.447,
        359.358,
        356.628,
        356.431,
        527.408,
        438.494,
        491.175,
        365.67,
        359.819,
        358.661,
        357.177,
        358.588,
        362.435,
        379.168,
        461.15,
        398.537,
        364.743,
        368.188,
        366.962,
        361.052,
        393.916,
        487.916,
        481.341,
        394.723,
        373.869,
        362.998,
        360.212,
        363.007,
        374.722,
        479.306,
        384.259,
        360.737,
        366.125,
        357.308,
        358.665,
        357.404,
        364.376,
        357.469,
        368.744,
        358.104,
        374.575,
        408.926,
        394.974,
        368.154,
        364.819,
        357.956,
        358.499,
        365.21,
        378.926,
        355.828,
        355.361,
        356.493,
        359.898,
        491.946,
        446.891,
        367.717,
        363.526,
        423.328,
        359.653,
        369.5,
        424.755,
        486.906,
        357.23,
        360.543,
        361.596,
        464.223,
        391.56,
        452.749,
        387.397,
        365.046,
        358.988,
        359.539,
        404.467,
        362.415,
        427.462,
        366.292,
        368.705,
        391.011,
        363.22,
        398.466,
        391.593,
        379.584,
        392.44,
        525.797,
        422.79,
        423.624,
        492.781,
        375.259,
        378.315,
        468.922,
        568.345,
        493.401,
        375.212,
        430.389,
        385.396,
        434.583,
        463.582,
        398.369,
        362.636,
        360.008,
        368.983,
        360.163,
        372.24,
        416.787,
        361.401,
        355.383,
        356.168,
        360.044,
        360.084,
        356.09,
        370.183,
        362.827,
        359.553,
        359.454,
        358.334,
        356.422,
        413.671,
        428.129,
        365.541,
        366.981,
        373.439,
        359.733,
        358.62,
        357.563,
        358.008,
        361.596,
        375.163,
        417.521,
        420.788,
        356.742,
        363.911,
        357.872,
        364.034,
        360.681,
        383.862,
        408.618,
        555.082,
        387.053,
        366.583,
        363.098,
        359.062,
        364.367,
        370.252,
        357.495,
        355.527,
        359.051,
        358.403,
        355.079,
        358.143,
        358.65,
        364.606,
        435.282,
        380.786,
        361.639,
        357.132,
        398.036,
        381.336,
        356.004,
        361.512,
        357.971
      ]
    },
    {
      "name": "ros_reliable",
      "impl": "rclpy ByteMultiArray ping-pong (not DimosROS library QoS rewrite)",
      "qos": "reliable",
      "msg_size_bytes": 16384,
      "warmup": 50,
      "requested_samples": 400,
      "recorded_samples": 400,
      "timeouts": 0,
      "timeout_s": 1.0,
      "metric": "rtt",
      "units": "microseconds",
      "p50_us": 2923.9065,
      "p95_us": 3130.9999500000004,
      "p99_us": 3918.574909999997,
      "min_us": 2615.961,
      "max_us": 8557.518,
      "mean_us": 2953.4084625,
      "stdev_us": 431.39025560676913,
      "rtt_us": [
        3113.219,
        2953.084,
        3022.079,
        2940.918,
        2941.235,
        2680.278,
        3143.244,
        2884.984,
        3000.264,
        2969.291,
        2945.276,
        2679.519,
        2992.086,
        2937.628,
        2953.882,
        2956.254,
        2662.41,
        2919.073,
        3032.646,
        2906.166,
        2927.078,
        2850.284,
        2996.774,
        2839.78,
        2804.264,
        2923.884,
        2688.256,
        3063.639,
        3044.842,
        2889.296,
        2779.468,
        3033.838,
        2668.841,
        3121.164,
        2896.233,
        2866.946,
        2763.479,
        2700.818,
        3558.516,
        3687.458,
        3076.294,
        2926.658,
        2744.228,
        2718.047,
        2677.119,
        3094.035,
        3005.495,
        2965.648,
        2865.875,
        2648.297,
        2929.911,
        3130.993,
        3568.583,
        2911.195,
        2765.868,
        2743.973,
        2946.304,
        2957.442,
        2902.127,
        3066.924,
        2706.948,
        2956.456,
        2919.82,
        2997.587,
        2987.76,
        2999.698,
        2635.807,
        3186.485,
        2898.143,
        3096.782,
        2940.464,
        2925.12,
        2715.273,
        3091.031,
        2882.602,
        3034.562,
        2920.991,
        2944.189,
        2678.5,
        2743.05,
        2866.47,
        2862.611,
        3099.08,
        2710.83,
        2974.771,
        3060.73,
        2868.984,
        2872.552,
        2851.719,
        2918.452,
        3045.371,
        2926.044,
        2832.72,
        2712.311,
        2752.346,
        3053.551,
        2641.328,
        6827.127,
        3135.362,
        3148.808,
        2893.272,
        2812.078,
        2868.884,
        2920.782,
        3025.468,
        3182.385,
        2699.664,
        2960.163,
        3271.856,
        2962.211,
        3032.76,
        3095.796,
        2744.666,
        3040.075,
        3024.928,
        2922.43,
        3082.391,
        3030.484,
        2636.297,
        2923.408,
        2902.079,
        2973.825,
        3050.806,
        3077.065,
        2971.819,
        2929.809,
        3106.043,
        2839.265,
        2955.192,
        2775.81,
        2957.328,
        2856.819,
        3033.995,
        2953.754,
        2648.26,
        2981.095,
        2926.278,
        2838.292,
        2996.08,
        2927.169,
        2667.285,
        2926.749,
        2925.155,
        2847.319,
        2747.095,
        2698.966,
        2954.214,
        3040.635,
        3060.394,
        2939.423,
        2695.933,
        3083.55,
        2928.774,
        3029.412,
        2953.132,
        2986.633,
        2701.411,
        3152.961,
        2940.001,
        2918.844,
        2896.57,
        2621.392,
        2963.963,
        3094.04,
        2886.871,
        2887.762,
        3006.229,
        2666.494,
        2893.832,
        2992.071,
        2953.102,
        2901.875,
        2683.717,
        4298.726,
        2861.415,
        3075.314,
        2923.929,
        3104.421,
        2924.598,
        2918.032,
        3028.854,
        2967.277,
        2927.316,
        3047.448,
        2768.52,
        2909.278,
        2982.632,
        2870.972,
        2934.185,
        2823.626,
        2889.253,
        2639.428,
        2902.272,
        3079.808,
        2900.907,
        2914.623,
        3517.193,
        3914.735,
        3828.105,
        2715.129,
        2921.784,
        3090.607,
        2969.158,
        2910.794,
        8557.518,
        2990.356,
        2945.818,
        2621.008,
        2990.06,
        2843.257,
        2828.163,
        2949.758,
        2848.314,
        2887.937,
        2868.009,
        3069.806,
        2984.302,
        2923.606,
        2786.656,
        2932.881,
        2880.609,
        2971.12,
        2891.129,
        2677.358,
        2905.337,
        2929.785,
        2927.164,
        2906.037,
        2969.109,
        2643.293,
        3021.943,
        2880.188,
        2857.213,
        2737.965,
        2685.511,
        2907.316,
        2964.543,
        2915.783,
        2887.249,
        2690.072,
        2928.322,
        2883.029,
        3035.362,
        2936.186,
        3021.539,
        2775.614,
        2873.991,
        3022.506,
        3131.132,
        2881.934,
        2915.902,
        2643.842,
        2946.198,
        2886.008,
        2826.746,
        2917.486,
        2654.325,
        2955.006,
        3102.813,
        2827.943,
        2941.934,
        2719.569,
        2970.202,
        2906.278,
        3050.367,
        2966.955,
        2741.234,
        2903.46,
        2886.826,
        3014.337,
        3009.283,
        2946.24,
        2656.786,
        2927.405,
        2911.332,
        3045.228,
        2676.628,
        2677.943,
        2938.056,
        2976.695,
        2893.761,
        2943.895,
        2771.996,
        2680.457,
        2936.286,
        2934.868,
        2856.099,
        2985.182,
        2702.699,
        2981.279,
        2899.234,
        2965.185,
        2994.336,
        2647.903,
        2928.635,
        3016.22,
        2803.587,
        2910.246,
        2846.621,
        2959.083,
        2948.79,
        2964.44,
        2940.334,
        2948.779,
        2777.401,
        2961.864,
        2664.938,
        2764.935,
        2758.636,
        2955.17,
        2910.011,
        2980.223,
        2859.621,
        2697.187,
        3100.995,
        2915.213,
        3025.138,
        2841.355,
        2701.579,
        2890.537,
        3029.035,
        2874.695,
        2981.107,
        2935.227,
        2636.254,
        2931.452,
        3017.304,
        2827.226,
        2946.342,
        2882.526,
        2923.32,
        2966.414,
        3018.558,
        2919.951,
        2675.954,
        2859.92,
        2939.644,
        2848.657,
        6810.446,
        2681.867,
        2830.351,
        2911.385,
        2880.742,
        2964.548,
        2910.865,
        2627.419,
        2960.963,
        2948.204,
        2923.155,
        2776.195,
        2826.645,
        3013.467,
        3065.094,
        2954.647,
        2927.527,
        2661.726,
        3416.825,
        3695.188,
        2911.999,
        3031.375,
        2943.419,
        2922.768,
        2905.457,
        2684.509,
        2819.171,
        2881.129,
        2826.24,
        2803.321,
        2634.506,
        2912.709,
        3074.192,
        2954.659,
        2893.451,
        2721.871,
        3005.264,
        2938.148,
        2978.653,
        2929.518,
        2615.961,
        2918.768,
        3079.257,
        2770.429,
        2958.197,
        3106.081,
        2651.512,
        2919.304,
        2983.68,
        2768.899,
        2655.734,
        2908.66,
        2894.685,
        2837.929,
        2923.103,
        2701.211,
        2911.135,
        3025.624,
        2881.03,
        2931.73,
        2748.995,
        2981.955
      ]
    },
    {
      "name": "ros_reliable",
      "impl": "rclpy ByteMultiArray ping-pong (not DimosROS library QoS rewrite)",
      "qos": "reliable",
      "msg_size_bytes": 65536,
      "warmup": 50,
      "requested_samples": 400,
      "recorded_samples": 400,
      "timeouts": 0,
      "timeout_s": 1.0,
      "metric": "rtt",
      "units": "microseconds",
      "p50_us": 10035.234,
      "p95_us": 13638.199849999992,
      "p99_us": 14438.540649999997,
      "min_us": 9713.128,
      "max_us": 16028.351,
      "mean_us": 10362.4940725,
      "stdev_us": 1044.7154675446432,
      "rtt_us": [
        10292.364,
        10031.208,
        10026.215,
        9915.062,
        9860.415,
        10102.105,
        10109.021,
        10141.537,
        10039.369,
        9939.949,
        10082.667,
        10085.782,
        10495.87,
        10307.386,
        9950.43,
        9993.638,
        9938.402,
        10367.86,
        10090.173,
        10103.755,
        9999.265,
        10063.118,
        9943.656,
        10050.627,
        9953.854,
        10346.704,
        10011.121,
        9929.973,
        10206.696,
        10231.58,
        10285.826,
        9994.099,
        10001.348,
        10305.466,
        9997.455,
        9869.449,
        9998.278,
        9911.155,
        9887.729,
        9881.975,
        10137.407,
        10056.735,
        10102.936,
        10271.726,
        10352.73,
        9908.689,
        9933.45,
        9867.694,
        9841.915,
        9872.186,
        9992.229,
        9977.097,
        10035.729,
        9913.866,
        9992.205,
        10003.196,
        10254.48,
        10264.146,
        10116.171,
        10318.692,
        10442.308,
        10168.887,
        9960.212,
        10440.986,
        10091.328,
        10115.758,
        10169.249,
        10034.739,
        9844.061,
        10117.887,
        16028.351,
        9884.265,
        10055.026,
        10348.477,
        9960.69,
        10017.907,
        10298.895,
        11082.457,
        10045.342,
        10933.745,
        10254.75,
        9976.912,
        10331.527,
        10357.852,
        10110.605,
        10238.95,
        9990.777,
        10282.113,
        10291.649,
        9847.399,
        9947.427,
        9988.595,
        9931.468,
        10291.648,
        10088.203,
        9979.978,
        9939.955,
        10177.953,
        10181.14,
        9894.595,
        9962.313,
        10018.964,
        9868.382,
        10043.466,
        10022.096,
        9773.737,
        11569.836,
        9871.813,
        9987.479,
        10009.779,
        9998.306,
        9940.816,
        10339.288,
        9857.62,
        9954.7,
        10004.256,
        10014.634,
        9977.467,
        9943.165,
        10011.044,
        10112.22,
        9949.354,
        10056.818,
        9998.09,
        9798.604,
        10120.762,
        9933.324,
        10056.304,
        10097.84,
        9876.131,
        10063.31,
        10246.889,
        10202.159,
        9944.466,
        10104.417,
        9992.435,
        10446.746,
        9953.705,
        10048.521,
        9799.392,
        9963.999,
        9999.795,
        10037.835,
        9839.983,
        10285.837,
        10012.009,
        9833.443,
        12817.524,
        16001.33,
        15956.009,
        14434.679,
        14251.701,
        14250.49,
        14339.712,
        14328.478,
        13770.456,
        14095.112,
        14414.406,
        13792.563,
        14056.016,
        14181.233,
        13631.239,
        14238.68,
        14143.794,
        14043.931,
        14820.844,
        13847.078,
        14180.58,
        12218.807,
        9911.005,
        10010.911,
        10030.764,
        9911.02,
        10022.416,
        10075.131,
        10338.347,
        10390.565,
        10109.94,
        10014.495,
        10239.141,
        10453.311,
        10158.08,
        10087.283,
        9844.332,
        9946.362,
        10264.457,
        10076.511,
        10124.563,
        10044.075,
        10503.442,
        9993.105,
        9865.202,
        10206.876,
        9874.454,
        10072.122,
        10013.287,
        10629.941,
        9922.074,
        10205.641,
        10101.212,
        10159.394,
        10009.445,
        9977.671,
        12970.104,
        9997.674,
        9972.449,
        10429.636,
        10302.259,
        9952.965,
        9997.449,
        10091.364,
        10069.591,
        10006.975,
        10353.986,
        10209.877,
        9994.645,
        10026.05,
        10027.139,
        10122.834,
        10121.785,
        9990.785,
        9933.256,
        10018.067,
        9952.602,
        10365.209,
        10354.021,
        9983.616,
        10049.419,
        10074.899,
        10509.294,
        10090.95,
        9962.167,
        10186.317,
        10002.393,
        10112.888,
        9961.303,
        10305.879,
        10616.367,
        9856.552,
        10154.559,
        10075.914,
        9887.392,
        10219.88,
        10046.523,
        9987.244,
        9845.083,
        9931.097,
        9862.695,
        10000.616,
        9932.639,
        9958.821,
        9841.682,
        10394.475,
        9880.88,
        9918.735,
        9870.355,
        10284.689,
        9973.782,
        9893.933,
        9932.219,
        9781.544,
        10316.025,
        10084.679,
        10031.634,
        10000.851,
        9879.727,
        10064.364,
        9741.091,
        9919.407,
        10126.938,
        9795.143,
        10098.642,
        9971.833,
        9989.798,
        10070.855,
        10259.964,
        9943.522,
        9877.475,
        10157.324,
        10021.499,
        9966.782,
        10111.138,
        9807.992,
        9899.457,
        10044.273,
        10075.041,
        10232.786,
        9981.612,
        9910.599,
        9975.343,
        9919.08,
        10630.699,
        9933.824,
        9890.582,
        10276.473,
        9940.775,
        9924.419,
        10012.481,
        10349.895,
        9995.716,
        9918.68,
        10053.335,
        10098.088,
        9936.272,
        10560.7,
        10032.131,
        10163.944,
        9713.128,
        9848.002,
        10010.261,
        9934.949,
        10642.497,
        10258.621,
        9820.357,
        9967.533,
        9795.369,
        10027.382,
        10049.344,
        10008.011,
        10475.554,
        9939.011,
        11113.589,
        10061.397,
        10316.318,
        9910.625,
        10179.824,
        9854.621,
        9896.517,
        9859.137,
        10059.946,
        9854.694,
        10022.856,
        9825.887,
        9949.004,
        9859.783,
        9926.091,
        9988.98,
        9992.559,
        10041.514,
        11303.215,
        10268.055,
        10313.54,
        9964.046,
        9930.157,
        9882.242,
        10150.338,
        9934.839,
        9933.353,
        10533.589,
        10936.108,
        10779.637,
        11960.609,
        11159.45,
        12939.905,
        9972.145,
        10839.213,
        11039.101,
        10101.773,
        9871.492,
        9750.32,
        9769.935,
        9787.128,
        9963.324,
        9925.876,
        9909.8,
        9848.708,
        10472.369,
        10788.094,
        10093.185,
        10134.245,
        9985.964,
        9960.271,
        10001.047,
        10075.198,
        10260.126,
        10253.308,
        10243.539,
        10064.98,
        10005.397,
        10502.567,
        9871.983,
        9927.873,
        10115.142,
        10071.97,
        10078.352,
        10021.137,
        9997.238,
        9978.907,
        10182.613,
        10030.304,
        10181.252,
        9985.879,
        9981.795,
        11052.492,
        11199.313,
        11425.124,
        12003.871,
        11037.948,
        10667.04,
        10290.723
      ]
    }
  ]
}

