[37;1m2026-09-10 17:24:34.466 [31;1m[[37;1mXMLPARSER[31;1m Error] [37mInvalid element found into 'writerQosPoliciesType'. Name: history[34;1m -> Function [36mgetXMLWriterQosPolicies[m
[37;1m2026-09-10 17:24:34.466 [31;1m[[37;1mXMLPARSER[31;1m Error] [37mError parsing publisher profile[34;1m -> Function [36mparseXMLPublisherProf[m
[37;1m2026-09-10 17:24:34.466 [31;1m[[37;1mXMLPARSER[31;1m Error] [37mError parsing profile's tag data_writer[34;1m -> Function [36mparseProfiles[m
[37;1m2026-09-10 17:24:34.466 [31;1m[[37;1mXMLPARSER[31;1m Error] [37mInvalid element found into 'readerQosPoliciesType'. Name: history[34;1m -> Function [36mgetXMLReaderQosPolicies[m
[37;1m2026-09-10 17:24:34.466 [31;1m[[37;1mXMLPARSER[31;1m Error] [37mError parsing subscriber profile[34;1m -> Function [36mparseXMLSubscriberProf[m
[37;1m2026-09-10 17:24:34.466 [31;1m[[37;1mXMLPARSER[31;1m Error] [37mError parsing profile's tag data_reader[34;1m -> Function [36mparseProfiles[m
[37;1m2026-09-10 17:24:34.466 [31;1m[[37;1mXMLPARSER[31;1m Error] [37mInvalid element found into 'writerQosPoliciesType'. Name: history[34;1m -> Function [36mgetXMLWriterQosPolicies[m
[37;1m2026-09-10 17:24:34.466 [31;1m[[37;1mXMLPARSER[31;1m Error] [37mError parsing publisher profile[34;1m -> Function [36mparseXMLPublisherProf[m
[37;1m2026-09-10 17:24:34.466 [31;1m[[37;1mXMLPARSER[31;1m Error] [37mError parsing profile's tag data_writer[34;1m -> Function [36mparseProfiles[m
[37;1m2026-09-10 17:24:34.466 [31;1m[[37;1mXMLPARSER[31;1m Error] [37mInvalid element found into 'readerQosPoliciesType'. Name: history[34;1m -> Function [36mgetXMLReaderQosPolicies[m
[37;1m2026-09-10 17:24:34.466 [31;1m[[37;1mXMLPARSER[31;1m Error] [37mError parsing subscriber profile[34;1m -> Function [36mparseXMLSubscriberProf[m
[37;1m2026-09-10 17:24:34.466 [31;1m[[37;1mXMLPARSER[31;1m Error] [37mError parsing profile's tag data_reader[34;1m -> Function [36mparseProfiles[m
[37;1m2026-09-10 17:24:34.466 [31;1m[[37;1mXMLPARSER[31;1m Error] [37mInvalid element found into 'writerQosPoliciesType'. Name: history[34;1m -> Function [36mgetXMLWriterQosPolicies[m
[37;1m2026-09-10 17:24:34.466 [31;1m[[37;1mXMLPARSER[31;1m Error] [37mError parsing publisher profile[34;1m -> Function [36mparseXMLPublisherProf[m
[37;1m2026-09-10 17:24:34.466 [31;1m[[37;1mXMLPARSER[31;1m Error] [37mError parsing profile's tag data_writer[34;1m -> Function [36mparseProfiles[m
[37;1m2026-09-10 17:24:34.466 [31;1m[[37;1mXMLPARSER[31;1m Error] [37mInvalid element found into 'readerQosPoliciesType'. Name: history[34;1m -> Function [36mgetXMLReaderQosPolicies[m
[37;1m2026-09-10 17:24:34.466 [31;1m[[37;1mXMLPARSER[31;1m Error] [37mError parsing subscriber profile[34;1m -> Function [36mparseXMLSubscriberProf[m
[37;1m2026-09-10 17:24:34.466 [31;1m[[37;1mXMLPARSER[31;1m Error] [37mError parsing profile's tag data_reader[34;1m -> Function [36mparseProfiles[m
[37;1m2026-09-10 17:24:34.466 [31;1m[[37;1mXMLPARSER[31;1m Error] [37mError parsing '/work/config/fastdds.xml'[34;1m -> Function [36mloadXMLFile[m
{
  "status": "ok",
  "chain": "A",
  "topology": "same-host",
  "domain_id": 42,
  "rmw": "rmw_fastrtps_cpp",
  "ros_domain_id": "42",
  "cyclonedds_uri": "",
  "iceoryx": "default",
  "metric": "round-trip time (ping-pong in scripts/bench/pingpong.py)",
  "units": "microseconds",
  "note": "Per-message RTT from a thin wrapper. Not a root-cause claim. Do not compare Chain A and Chain B in one table. Upstream pytest -m tool -k dds reports throughput / drain time, not these percentiles.",
  "errors": [],
  "cases": [
    {
      "name": "ros_high_throughput",
      "impl": "rclpy ByteMultiArray ping-pong (not DimosROS library QoS rewrite)",
      "qos": "high_throughput",
      "msg_size_bytes": 64,
      "warmup": 50,
      "requested_samples": 400,
      "recorded_samples": 400,
      "timeouts": 0,
      "timeout_s": 1.0,
      "metric": "rtt",
      "units": "microseconds",
      "p50_us": 185.574,
      "p95_us": 336.16214999999994,
      "p99_us": 459.5001799999999,
      "min_us": 172.414,
      "max_us": 614.169,
      "mean_us": 204.37515,
      "stdev_us": 56.90442704120216,
      "rtt_us": [
        208.271,
        215.588,
        212.479,
        182.867,
        177.59,
        213.759,
        180.762,
        180.223,
        177.276,
        178.68,
        188.354,
        213.457,
        183.886,
        175.822,
        183.205,
        201.048,
        177.8,
        196.788,
        191.631,
        214.069,
        356.675,
        283.575,
        290.289,
        266.563,
        231.296,
        200.96,
        187.735,
        195.083,
        216.604,
        219.314,
        210.891,
        207.136,
        208.992,
        212.526,
        207.838,
        222.281,
        185.317,
        210.435,
        183.713,
        219.977,
        178.291,
        185.567,
        178.551,
        177.641,
        180.766,
        186.803,
        181.98,
        181.048,
        184.014,
        193.007,
        182.884,
        196.385,
        207.73,
        207.592,
        215.136,
        188.606,
        176.235,
        184.982,
        176.115,
        181.171,
        190.685,
        180.062,
        187.483,
        190.111,
        176.328,
        178.379,
        177.533,
        176.28,
        177.133,
        175.347,
        174.765,
        173.879,
        174.821,
        183.135,
        178.336,
        176.905,
        186.723,
        216.922,
        174.673,
        177.87,
        180.655,
        177.542,
        181.159,
        177.875,
        178.59,
        194.359,
        260.742,
        260.048,
        303.31,
        587.029,
        236.64,
        205.061,
        181.965,
        191.075,
        198.847,
        178.429,
        192.051,
        178.749,
        181.202,
        251.289,
        235.341,
        232.521,
        436.964,
        410.888,
        221.67,
        212.648,
        191.022,
        200.625,
        177.312,
        177.088,
        174.245,
        187.312,
        174.773,
        174.591,
        234.126,
        227.459,
        206.597,
        184.749,
        196.927,
        196.314,
        178.079,
        178.018,
        176.853,
        177.011,
        177.245,
        195.622,
        191.11,
        185.586,
        178.537,
        176.006,
        187.834,
        206.566,
        177.018,
        176.144,
        175.991,
        190.261,
        192.487,
        193.428,
        191.201,
        201.493,
        208.165,
        187.096,
        186.642,
        177.386,
        187.587,
        177.315,
        179.249,
        181.223,
        204.512,
        212.387,
        181.342,
        178.049,
        179.731,
        221.968,
        216.719,
        330.813,
        290.029,
        327.338,
        473.774,
        364.729,
        251.246,
        196.596,
        186.356,
        179.948,
        184.363,
        185.806,
        177.318,
        183.028,
        182.134,
        174.105,
        177.795,
        173.3,
        175.5,
        177.807,
        175.182,
        205.701,
        172.414,
        198.034,
        614.169,
        321.441,
        206.93,
        197.331,
        189.626,
        180.613,
        200.581,
        181.334,
        188.333,
        199.446,
        187.533,
        177.418,
        176.109,
        178.403,
        179.003,
        178.078,
        181.237,
        189.863,
        182.182,
        181.523,
        176.497,
        175.827,
        185.225,
        175.655,
        178.47,
        211.037,
        227.173,
        220.894,
        218.948,
        211.707,
        199.415,
        459.356,
        230.152,
        199.612,
        192.903,
        352.758,
        374.275,
        474.02,
        393.41,
        198.185,
        198.653,
        194.19,
        187.891,
        179.55,
        180.373,
        184.747,
        380.841,
        336.108,
        238.198,
        212.492,
        185.581,
        182.845,
        180.706,
        189.94,
        181.625,
        283.275,
        254.405,
        231.832,
        274.981,
        200.301,
        206.909,
        178.773,
        189.201,
        179.747,
        179.464,
        178.087,
        198.385,
        186.382,
        181.043,
        196.938,
        376.61,
        191.931,
        191.385,
        179.371,
        178.771,
        175.702,
        176.424,
        206.835,
        177.273,
        181.099,
        183.094,
        178.88,
        191.854,
        358.785,
        203.58,
        178.749,
        180.333,
        175.139,
        177.605,
        179.104,
        195.24,
        209.068,
        200.946,
        202.042,
        194.306,
        185.379,
        178.262,
        181.696,
        177.004,
        177.595,
        176.333,
        178.369,
        173.994,
        175.339,
        173.193,
        180.122,
        175.257,
        172.628,
        176.346,
        181.523,
        380.023,
        201.167,
        177.235,
        189.481,
        176.483,
        180.832,
        177.202,
        181.192,
        179.899,
        178.184,
        178.634,
        180.445,
        192.602,
        180.354,
        193.469,
        214.008,
        202.064,
        195.364,
        181.186,
        176.562,
        192.634,
        181.234,
        179.056,
        178.434,
        175.889,
        189.046,
        368.63,
        226.033,
        194.855,
        196.766,
        202.299,
        197.532,
        178.209,
        186.156,
        177.231,
        180.532,
        183.09,
        178.976,
        184.565,
        456.656,
        208.358,
        183.934,
        174.976,
        180.867,
        180.766,
        179.727,
        181.427,
        210.731,
        200.579,
        193.66,
        186.316,
        188.284,
        391.876,
        199.736,
        182.365,
        178.977,
        195.62,
        182.379,
        200.862,
        197.679,
        193.931,
        184.717,
        179.071,
        186.931,
        190.932,
        176.876,
        179.998,
        195.091,
        201.596,
        202.197,
        207.996,
        196.899,
        181.36,
        180.519,
        180.443,
        177.629,
        178.635,
        199.541,
        189.936,
        209.584,
        204.237,
        190.086,
        183.543,
        177.883,
        177.117,
        179.138,
        184.998,
        180.137,
        175.151,
        176.466,
        204.091,
        184.84,
        181.586,
        177.317,
        174.95,
        177.196,
        176.975,
        179.421,
        176.38,
        177.15,
        179.926,
        177.268,
        192.326,
        176.389,
        196.504,
        337.191,
        204.887,
        191.056,
        178.328,
        187.707,
        177.596,
        186.114
      ],
      "responder_pid": 56,
      "transport_label": "same-host two processes; Fast-DDS default transports (fastdds.xml does not force UDP-only or SHM-only; do not invent SHM)"
    },
    {
      "name": "ros_high_throughput",
      "impl": "rclpy ByteMultiArray ping-pong (not DimosROS library QoS rewrite)",
      "qos": "high_throughput",
      "msg_size_bytes": 1024,
      "warmup": 50,
      "requested_samples": 400,
      "recorded_samples": 400,
      "timeouts": 0,
      "timeout_s": 1.0,
      "metric": "rtt",
      "units": "microseconds",
      "p50_us": 364.755,
      "p95_us": 673.790949999999,
      "p99_us": 861.2366099999998,
      "min_us": 327.873,
      "max_us": 4014.11,
      "mean_us": 407.6484225,
      "stdev_us": 209.31143626539856,
      "rtt_us": [
        368.619,
        359.456,
        433.078,
        352.162,
        999.076,
        405.686,
        391.617,
        374.402,
        368.27,
        376.918,
        414.955,
        372.193,
        365.915,
        368.84,
        362.819,
        371.012,
        365.798,
        368.015,
        380.67,
        366.337,
        403.902,
        458.22,
        376.254,
        353.978,
        409.903,
        380.735,
        410.257,
        364.457,
        363.702,
        365.172,
        364.263,
        362.885,
        368.402,
        366.297,
        601.659,
        468.499,
        358.611,
        334.832,
        339.353,
        385.236,
        373.672,
        371.464,
        771.913,
        376.846,
        350.831,
        329.806,
        339.755,
        350.289,
        338.795,
        356.536,
        333.972,
        347.59,
        341.775,
        337.867,
        346.772,
        360.775,
        351.317,
        354.696,
        387.473,
        332.553,
        4014.11,
        875.058,
        557.196,
        362.834,
        352.388,
        349.168,
        721.541,
        379.022,
        345.882,
        338.549,
        351.943,
        376.076,
        383.049,
        692.885,
        502.662,
        348.852,
        342.967,
        346.333,
        366.161,
        351.574,
        338.746,
        861.097,
        554.569,
        355.381,
        337.345,
        345.65,
        338.678,
        329.297,
        351.004,
        327.873,
        365.805,
        349.902,
        330.616,
        340.784,
        345.666,
        346.314,
        342.069,
        521.595,
        349.919,
        355.876,
        346.328,
        350.708,
        342.726,
        342.534,
        338.452,
        632.344,
        373.479,
        352.524,
        341.569,
        336.752,
        369.83,
        410.923,
        337.632,
        723.116,
        514.943,
        432.935,
        367.433,
        343.218,
        339.739,
        634.384,
        507.775,
        368.821,
        364.642,
        368.844,
        362.874,
        368.675,
        357.076,
        402.426,
        365.655,
        388.538,
        367.819,
        369.143,
        363.16,
        358.801,
        364.543,
        365.189,
        365.543,
        372.082,
        361.87,
        363.174,
        363.46,
        374.235,
        363.476,
        355.393,
        355.268,
        357.395,
        368.493,
        431.863,
        476.138,
        437.064,
        375.735,
        397.62,
        359.421,
        360.481,
        368.003,
        364.195,
        364.168,
        358.694,
        358.207,
        590.777,
        415.298,
        370.246,
        366.635,
        363.543,
        365.122,
        365.499,
        361.737,
        351.402,
        400.832,
        408.363,
        352.827,
        362.686,
        363.371,
        359.664,
        364.042,
        350.066,
        355.324,
        361.847,
        373.257,
        384.566,
        446.751,
        373.619,
        405.116,
        357.179,
        359.058,
        359.41,
        365.299,
        361.046,
        393.204,
        372.945,
        619.847,
        377.064,
        368.792,
        363.968,
        361.626,
        353.095,
        356.942,
        376.445,
        621.637,
        397.284,
        370.844,
        358.286,
        370.153,
        360.495,
        365.507,
        360.088,
        361.966,
        402.162,
        410.681,
        364.347,
        370.027,
        369.794,
        369.983,
        993.555,
        427.245,
        374.663,
        374.001,
        368.812,
        366.418,
        378.588,
        356.241,
        365.356,
        358.674,
        381.777,
        367.122,
        373.075,
        392.357,
        394.222,
        385.673,
        407.85,
        364.69,
        363.595,
        363.419,
        358.961,
        359.831,
        368.469,
        623.429,
        390.362,
        394.062,
        364.82,
        365.408,
        368.756,
        367.274,
        355.943,
        435.941,
        427.653,
        400.678,
        354.846,
        360.45,
        360.212,
        363.233,
        719.455,
        390.163,
        379.917,
        369.47,
        359.931,
        366.612,
        350.431,
        375.925,
        426.924,
        379.348,
        361.523,
        368.748,
        357.629,
        369.303,
        361.74,
        613.76,
        363.263,
        368.514,
        355.82,
        361.487,
        361.986,
        361.359,
        358.417,
        775.173,
        395.611,
        370.364,
        364.634,
        376.412,
        365.406,
        361.721,
        382.937,
        385.987,
        397.786,
        360.698,
        369.175,
        363.707,
        365.265,
        378.008,
        786.192,
        470.973,
        385.605,
        367.563,
        365.935,
        372.232,
        379.482,
        826.661,
        399.895,
        370.006,
        360.272,
        392.715,
        390.281,
        377.271,
        579.649,
        366.062,
        353.96,
        354.158,
        362.385,
        359.75,
        360.704,
        357.828,
        545.907,
        363.46,
        356.112,
        361.839,
        360.711,
        360.317,
        441.27,
        353.436,
        336.122,
        396.385,
        329.248,
        347.226,
        347.256,
        362.839,
        353.75,
        335.397,
        783.263,
        373.336,
        354.665,
        350.605,
        346.15,
        349.988,
        342.442,
        349.75,
        535.885,
        340.406,
        333.81,
        339.676,
        340.824,
        785.487,
        394.13,
        790.955,
        722.692,
        610.008,
        373.202,
        352.053,
        343.796,
        533.706,
        808.478,
        374.503,
        345.994,
        355.116,
        330.95,
        374.059,
        348.869,
        340.863,
        417.843,
        375.482,
        330.213,
        344.079,
        342.528,
        338.608,
        330.761,
        808.226,
        734.988,
        376.246,
        349.306,
        348.996,
        348.436,
        353.845,
        493.187,
        487.102,
        353.787,
        346.013,
        347.776,
        419.458,
        351.729,
        672.786,
        506.899,
        350.708,
        336.272,
        334.639,
        333.53,
        334.989,
        359.756,
        346.266,
        475.322,
        341.851,
        335.084,
        340.031,
        337.607,
        347.196,
        344.296,
        362.104,
        349.105,
        377.817,
        370.736,
        339.819,
        332.282
      ],
      "responder_pid": 80,
      "transport_label": "same-host two processes; Fast-DDS default transports (fastdds.xml does not force UDP-only or SHM-only; do not invent SHM)"
    },
    {
      "name": "ros_high_throughput",
      "impl": "rclpy ByteMultiArray ping-pong (not DimosROS library QoS rewrite)",
      "qos": "high_throughput",
      "msg_size_bytes": 16384,
      "warmup": 50,
      "requested_samples": 400,
      "recorded_samples": 400,
      "timeouts": 0,
      "timeout_s": 1.0,
      "metric": "rtt",
      "units": "microseconds",
      "p50_us": 3105.432,
      "p95_us": 3434.917949999999,
      "p99_us": 3806.91556,
      "min_us": 2650.852,
      "max_us": 10089.04,
      "mean_us": 3132.03109,
      "stdev_us": 393.5278245974125,
      "rtt_us": [
        3126.701,
        2952.307,
        3024.892,
        3015.222,
        3297.793,
        3130.432,
        3200.73,
        2873.057,
        3210.743,
        3224.714,
        3098.222,
        3047.373,
        3187.613,
        3233.14,
        3230.758,
        3088.46,
        3091.665,
        3130.573,
        3280.513,
        3170.295,
        3240.867,
        2894.64,
        3056.386,
        3310.837,
        3406.961,
        3291.098,
        3288.39,
        3460.19,
        3513.091,
        3494.225,
        3201.418,
        3445.842,
        3182.072,
        3125.637,
        3078.783,
        3074.539,
        3054.684,
        3200.82,
        3244.771,
        3133.099,
        3191.125,
        2866.759,
        3119.167,
        3239.926,
        3256.451,
        3215.3,
        3266.071,
        3182.344,
        3258.156,
        2983.326,
        3464.145,
        3182.086,
        4035.88,
        3243.022,
        2900.892,
        3121.974,
        3029.256,
        3198.814,
        3322.358,
        3215.746,
        3285.165,
        3050.338,
        2906.408,
        3029.298,
        3159.42,
        3017.498,
        3320.07,
        3480.342,
        3144.183,
        3183.799,
        3212.369,
        3139.912,
        2861.817,
        3033.482,
        3199.367,
        3215.195,
        3231.683,
        3108.188,
        3136.78,
        2866.079,
        2795.868,
        3057.623,
        3109.078,
        3131.595,
        2828.719,
        2960.436,
        3100.565,
        3284.065,
        3105.151,
        3368.638,
        2963.257,
        3070.43,
        2995.069,
        2918.259,
        3188.253,
        3056.74,
        3017.728,
        2985.897,
        2989.028,
        2809.225,
        3272.913,
        3248.438,
        3166.242,
        3417.049,
        3148.424,
        3228.87,
        3115.001,
        2954.133,
        3235.164,
        3044.913,
        3129.234,
        3191.306,
        3051.755,
        2939.573,
        2989.393,
        3135.301,
        3074.463,
        3215.153,
        2895.422,
        2940.011,
        3276.62,
        3059.682,
        3171.882,
        3072.231,
        3123.725,
        2810.778,
        3008.75,
        3206.966,
        3072.43,
        3069.341,
        3102.977,
        2956.204,
        2804.417,
        3035.076,
        3121.712,
        3187.517,
        2917.434,
        2964.486,
        3197.828,
        2977.124,
        3311.331,
        3161.621,
        3123.742,
        3045.235,
        3116.076,
        3074.193,
        2942.195,
        2922.656,
        3125.567,
        3138.472,
        2887.665,
        2997.868,
        2971.611,
        3212.499,
        3180.905,
        3078.032,
        3057.798,
        3132.094,
        2911.638,
        3179.827,
        3093.081,
        3090.029,
        3097.82,
        3013.002,
        3080.604,
        3112.175,
        3581.167,
        3338.798,
        3027.305,
        10089.04,
        3221.242,
        3296.153,
        3120.104,
        3334.165,
        2912.596,
        3195.087,
        2974.705,
        2794.889,
        3130.364,
        3053.929,
        3488.564,
        3704.839,
        3806.697,
        3828.553,
        3205.265,
        3215.068,
        2947.382,
        2824.567,
        3042.635,
        2949.974,
        3302.826,
        2944.592,
        2965.237,
        2650.852,
        2987.445,
        3009.154,
        3116.504,
        3205.962,
        3043.508,
        2947.256,
        3157.93,
        3051.105,
        2958.79,
        3095.137,
        3000.395,
        2782.496,
        2946.111,
        2956.345,
        2916.222,
        3106.032,
        3232.552,
        2765.579,
        3131.53,
        3025.662,
        3103.027,
        3328.237,
        3120.36,
        2865.717,
        2889.858,
        3043.071,
        3083.371,
        3034.091,
        3205.402,
        2881.829,
        3034.785,
        3121.909,
        2963.626,
        3133.79,
        3037.149,
        2794.273,
        3161.534,
        3064.704,
        3203.731,
        3157.688,
        3105.713,
        3163.187,
        3913.28,
        3204.857,
        3025.267,
        3121.3,
        3380.432,
        3332.496,
        3329.485,
        3225.766,
        3368.39,
        3201.04,
        3034.278,
        3034.978,
        3060.988,
        2899.063,
        3146.287,
        2990.357,
        3007.662,
        3089.591,
        3077.567,
        2883.668,
        2744.943,
        2965.725,
        3010.597,
        2826.433,
        2999.081,
        3189.204,
        3160.802,
        3203.428,
        2940.768,
        3121.314,
        3054.732,
        3117.979,
        3132.797,
        3138.086,
        3058.845,
        2920.086,
        3061.651,
        3052.189,
        3233.518,
        2948.993,
        3059.584,
        3201.962,
        2924.249,
        2923.214,
        3291.382,
        3105.121,
        3194.103,
        2875.623,
        3212.028,
        2790.773,
        2926.88,
        3002.788,
        2841.912,
        2970.685,
        3331.238,
        2920.152,
        3246.239,
        3064.747,
        3283.795,
        3052.551,
        3309.107,
        2964.573,
        2861.446,
        2971.954,
        3130.867,
        3051.369,
        3240.927,
        2977.842,
        3098.744,
        2771.156,
        3159.323,
        2932.141,
        2985.044,
        3080.77,
        2970.73,
        2997.092,
        3156.726,
        3174.895,
        2971.571,
        3059.696,
        2901.01,
        2853.135,
        3357.502,
        3057.036,
        3149.91,
        2744.465,
        3161.581,
        2988.547,
        3156.857,
        2984.792,
        2981.071,
        3054.103,
        2959.787,
        3198.698,
        3264.668,
        3078.359,
        3008.296,
        2995.202,
        3235.259,
        3070.011,
        2974.651,
        3140.485,
        3101.727,
        3201.227,
        3153.002,
        2852.481,
        3134.536,
        3126.548,
        3134.965,
        3054.827,
        3044.063,
        3102.973,
        2984.838,
        2854.75,
        3248.462,
        2891.265,
        3313.135,
        3108.258,
        3063.107,
        3044.6,
        2922.271,
        3213.606,
        3063.536,
        3265.199,
        3050.429,
        3014.438,
        3070.694,
        3145.545,
        3162.45,
        3030.014,
        2946.099,
        3111.972,
        3285.498,
        3041.487,
        2847.791,
        3099.438,
        2758.458,
        3149.256,
        3277.707,
        3313.54,
        3227.155,
        3423.87,
        3193.448,
        3349.548,
        3121.275,
        3434.343,
        3389.147,
        3366.077,
        3651.354,
        3571.441,
        3529.749,
        2850.562,
        3466.33,
        3708.163,
        2938.191,
        3205.641,
        3205.629,
        3461.607,
        3169.747,
        3311.956,
        3424.897,
        3374.4,
        2872.312,
        3382.651
      ],
      "responder_pid": 102,
      "transport_label": "same-host two processes; Fast-DDS default transports (fastdds.xml does not force UDP-only or SHM-only; do not invent SHM)"
    },
    {
      "name": "ros_high_throughput",
      "impl": "rclpy ByteMultiArray ping-pong (not DimosROS library QoS rewrite)",
      "qos": "high_throughput",
      "msg_size_bytes": 65536,
      "warmup": 50,
      "requested_samples": 400,
      "recorded_samples": 400,
      "timeouts": 0,
      "timeout_s": 1.0,
      "metric": "rtt",
      "units": "microseconds",
      "p50_us": 10400.6765,
      "p95_us": 11101.82935,
      "p99_us": 13389.344869999999,
      "min_us": 9798.487,
      "max_us": 13835.85,
      "mean_us": 10481.19874,
      "stdev_us": 506.41173655583106,
      "rtt_us": [
        10150.854,
        10686.77,
        10118.467,
        10713.743,
        10133.509,
        10337.675,
        10582.683,
        10884.734,
        10358.545,
        10279.474,
        10190.024,
        10489.368,
        10439.363,
        10343.658,
        10327.488,
        10426.897,
        10524.683,
        10784.819,
        10380.183,
        10318.533,
        10505.788,
        10674.154,
        10139.227,
        10709.52,
        10690.386,
        10424.763,
        10359.027,
        10254.428,
        10414.276,
        10660.556,
        10437.53,
        10442.026,
        10458.844,
        10367.5,
        10365.909,
        10426.772,
        10360.889,
        10182.848,
        10333.505,
        10386.099,
        10130.426,
        10299.837,
        10401.479,
        10541.012,
        10589.349,
        10382.087,
        10395.765,
        10190.281,
        10339.257,
        9956.505,
        10451.597,
        10536.477,
        10429.178,
        10274.581,
        10270.206,
        10387.133,
        10351.712,
        9954.529,
        10340.356,
        10426.159,
        10182.455,
        10365.603,
        10983.243,
        10688.713,
        10196.194,
        10495.429,
        10554.577,
        10536.533,
        10300.445,
        10160.937,
        10414.74,
        10101.962,
        10330.365,
        10307.13,
        10139.064,
        10393.123,
        10226.984,
        10401.314,
        10593.372,
        10135.418,
        10438.021,
        10394.807,
        10934.012,
        10489.205,
        10839.515,
        10243.54,
        10090.912,
        10447.679,
        10119.125,
        11256.221,
        10644.716,
        10205.283,
        10304.134,
        10316.908,
        10270.805,
        10663.629,
        10402.171,
        10522.058,
        10215.66,
        10433.336,
        10329.744,
        10620.885,
        10708.899,
        10462.198,
        10279.962,
        10955.713,
        10429.149,
        10437.546,
        11071.799,
        10568.377,
        10410.447,
        10370.585,
        10419.637,
        11551.613,
        10440.428,
        10380.411,
        10364.606,
        10573.642,
        10588.56,
        10915.137,
        10391.769,
        13571.698,
        13774.039,
        13388.059,
        13516.646,
        13251.154,
        13835.85,
        11653.502,
        10694.508,
        10289.932,
        10253.722,
        10663.21,
        10305.325,
        10939.807,
        10245.358,
        10446.932,
        10317.135,
        10299.657,
        10469.462,
        10567.072,
        10343.273,
        10274.755,
        10430.757,
        10436.333,
        10143.532,
        10625.377,
        10348.843,
        10451.343,
        10614.811,
        10252.245,
        10562.302,
        10400.469,
        10130.683,
        10865.107,
        10858.664,
        10408.779,
        10467.519,
        10394.232,
        10307.024,
        10308.742,
        10267.465,
        10622.954,
        10690.815,
        10444.034,
        10259.675,
        10289.705,
        10412.182,
        10506.432,
        10719.264,
        10331.318,
        10737.157,
        10366.642,
        10571.872,
        10217.662,
        10169.701,
        10329.694,
        10413.016,
        10187.749,
        10428.018,
        10530.992,
        10407.159,
        10428.335,
        10409.242,
        10404.053,
        10342.598,
        10521.867,
        10470.307,
        10482.573,
        10185.197,
        10373.07,
        10543.398,
        10381.032,
        10647.153,
        10410.619,
        10555.138,
        10447.485,
        10421.211,
        10518.494,
        10410.531,
        10424.081,
        10389.965,
        10821.134,
        10548.739,
        10267.395,
        10464.519,
        10549.84,
        10413.07,
        10551.107,
        10140.408,
        10041.412,
        10352.003,
        10351.55,
        10456.573,
        10762.475,
        10442.882,
        10657.834,
        10256.605,
        10404.716,
        10214.501,
        10440.865,
        10680.32,
        10237.821,
        10398.538,
        10330.676,
        10400.884,
        10535.159,
        10366.225,
        10748.862,
        10553.564,
        10430.31,
        10413.66,
        10380.733,
        10310.014,
        10089.609,
        10474.103,
        10345.655,
        10277.979,
        10856.312,
        10177.556,
        10190.241,
        10505.481,
        10386.385,
        10211.045,
        10593.295,
        10284.468,
        10418.761,
        10335.324,
        10530.28,
        10258.967,
        10776.987,
        10425.668,
        10681.256,
        10372.363,
        10733.827,
        10622.543,
        10282.962,
        10272.808,
        10423.203,
        10332.628,
        10495.603,
        10536.935,
        11057.094,
        10318.199,
        10450.109,
        10361.527,
        10419.728,
        10459.829,
        10534.782,
        10360.378,
        10463.964,
        10426.599,
        10599.986,
        11649.719,
        12585.248,
        12008.214,
        13025.569,
        10560.837,
        10437.882,
        10780.681,
        11967.224,
        11745.11,
        9979.981,
        9798.487,
        10400.968,
        10066.906,
        10333.015,
        10343.557,
        10380.384,
        10378.015,
        10458.561,
        9924.474,
        10506.768,
        10117.522,
        10308.287,
        10282.078,
        10169.57,
        10466.587,
        10372.737,
        10162.202,
        10456.632,
        10010.088,
        10388.597,
        10161.336,
        10421.772,
        10117.377,
        10218.43,
        9930.755,
        9993.552,
        10078.692,
        10021.639,
        10296.109,
        10136.294,
        10241.232,
        10454.374,
        9928.244,
        10346.716,
        10169.893,
        10051.782,
        10591.362,
        10058.583,
        10155.815,
        10235.328,
        10182.63,
        10211.418,
        10072.699,
        10246.771,
        10539.817,
        10001.955,
        10361.115,
        10177.365,
        10183.48,
        10207.714,
        10153.398,
        10064.2,
        10172.691,
        10130.795,
        10315.423,
        10296.297,
        10274.96,
        10324.83,
        10390.967,
        9936.997,
        10318.147,
        10309.004,
        10287.895,
        10079.186,
        10097.707,
        10011.716,
        10105.633,
        10081.136,
        9899.372,
        10011.342,
        10192.936,
        10230.113,
        10200.836,
        10509.028,
        10157.816,
        10495.614,
        10458.473,
        9932.558,
        10081.028,
        10124.089,
        10131.306,
        10486.57,
        10543.93,
        10184.457,
        10603.256,
        10569.591,
        10389.249,
        10517.356,
        10457.478,
        10118.054,
        10480.938,
        10330.672,
        10585.337,
        10573.889,
        10610.678,
        10469.197,
        10078.326,
        10456.442,
        10112.434,
        10314.175,
        10493.683,
        10864.992,
        11127.289,
        10924.455,
        11100.944,
        11118.651,
        11357.757,
        11147.424,
        10037.294,
        10803.356,
        10416.41,
        10484.53,
        10717.048,
        10797.086,
        10297.745,
        10182.182,
        10983.95,
        11336.595
      ],
      "responder_pid": 124,
      "transport_label": "same-host two processes; Fast-DDS default transports (fastdds.xml does not force UDP-only or SHM-only; do not invent SHM)"
    },
    {
      "name": "ros_reliable",
      "impl": "rclpy ByteMultiArray ping-pong (not DimosROS library QoS rewrite)",
      "qos": "reliable",
      "msg_size_bytes": 64,
      "warmup": 50,
      "requested_samples": 400,
      "recorded_samples": 400,
      "timeouts": 0,
      "timeout_s": 1.0,
      "metric": "rtt",
      "units": "microseconds",
      "p50_us": 191.3595,
      "p95_us": 287.92989999999986,
      "p99_us": 417.81323999999995,
      "min_us": 171.016,
      "max_us": 460.253,
      "mean_us": 207.0821975,
      "stdev_us": 43.041416974973,
      "rtt_us": [
        226.105,
        217.375,
        251.626,
        290.265,
        238.685,
        201.591,
        216.754,
        216.88,
        226.658,
        212.649,
        199.676,
        204.73,
        212.9,
        234.974,
        232.749,
        231.701,
        212.64,
        191.326,
        188.963,
        185.563,
        196.689,
        188.241,
        187.464,
        202.715,
        191.345,
        198.839,
        189.097,
        196.071,
        205.611,
        209.485,
        214.292,
        198.126,
        210.719,
        230.801,
        213.773,
        208.386,
        207.573,
        194.064,
        194.749,
        192.236,
        203.506,
        208.379,
        209.128,
        212.188,
        215.724,
        255.27,
        220.437,
        208.626,
        190.468,
        196.621,
        241.831,
        254.117,
        220.433,
        216.115,
        217.273,
        206.175,
        192.701,
        190.943,
        215.213,
        191.844,
        200.777,
        190.536,
        188.581,
        183.8,
        190.466,
        190.31,
        201.737,
        182.317,
        186.526,
        195.422,
        190.813,
        182.468,
        189.51,
        192.209,
        187.333,
        294.915,
        357.202,
        315.264,
        249.653,
        219.338,
        189.737,
        185.058,
        193.598,
        182.11,
        183.7,
        217.889,
        192.497,
        180.149,
        173.156,
        184.415,
        182.189,
        175.883,
        175.366,
        252.619,
        227.295,
        372.192,
        428.544,
        244.129,
        287.807,
        222.768,
        245.171,
        195.289,
        187.245,
        183.642,
        201.137,
        176.017,
        178.42,
        174.866,
        246.796,
        235.198,
        194.274,
        184.085,
        178.038,
        244.6,
        188.448,
        182.272,
        175.045,
        188.406,
        216.526,
        195.878,
        199.188,
        184.691,
        173.064,
        171.016,
        183.704,
        183.212,
        182.324,
        174.885,
        171.062,
        177.369,
        177.328,
        171.807,
        182.854,
        179.372,
        189.348,
        186.583,
        176.713,
        177.761,
        178.189,
        171.175,
        177.798,
        203.578,
        181.986,
        183.013,
        177.842,
        417.73,
        287.779,
        220.164,
        189.826,
        190.182,
        198.257,
        188.621,
        188.455,
        178.687,
        176.085,
        180.861,
        179.204,
        173.746,
        174.954,
        183.647,
        176.55,
        194.793,
        193.937,
        178.374,
        175.319,
        185.001,
        180.108,
        184.464,
        189.241,
        187.802,
        176.661,
        183.6,
        182.469,
        192.871,
        196.742,
        323.218,
        268.722,
        212.034,
        460.253,
        426.054,
        208.545,
        284.896,
        325.011,
        342.715,
        204.662,
        296.66,
        258.114,
        187.661,
        185.269,
        182.46,
        179.78,
        191.989,
        183.511,
        196.824,
        188.048,
        185.32,
        188.976,
        195.808,
        179.554,
        186.792,
        223.727,
        187.998,
        182.198,
        176.61,
        186.36,
        180.872,
        187.413,
        200.892,
        200.887,
        175.86,
        182.356,
        237.596,
        241.791,
        224.592,
        182.273,
        184.015,
        180.129,
        175.289,
        183.866,
        180.488,
        184.68,
        182.702,
        177.087,
        188.235,
        187.12,
        211.901,
        182.088,
        186.488,
        191.552,
        198.813,
        185.754,
        176.766,
        188.041,
        246.023,
        273.273,
        224.3,
        187.897,
        183.546,
        206.644,
        180.113,
        178.158,
        178.956,
        275.367,
        332.103,
        196.409,
        242.593,
        234.888,
        200.02,
        232.736,
        186.918,
        187.544,
        190.62,
        191.08,
        192.227,
        202.102,
        190.316,
        189.903,
        191.858,
        190.353,
        191.545,
        190.481,
        184.477,
        181.506,
        186.306,
        191.012,
        196.684,
        194.285,
        193.009,
        200.116,
        190.041,
        216.787,
        195.239,
        192.535,
        182.665,
        187.035,
        194.784,
        190.613,
        183.131,
        262.455,
        238.731,
        182.754,
        212.657,
        208.844,
        194.703,
        185.346,
        190.271,
        196.437,
        184.414,
        191.386,
        188.646,
        177.165,
        189.402,
        191.125,
        190.295,
        190.668,
        193.306,
        194.596,
        191.462,
        188.928,
        188.056,
        188.671,
        188.671,
        187.472,
        178.831,
        187.496,
        180.226,
        187.79,
        189.677,
        190.466,
        190.669,
        190.572,
        182.286,
        232.669,
        225.583,
        193.405,
        206.396,
        193.936,
        185.519,
        191.638,
        182.168,
        180.784,
        186.16,
        188.747,
        193.042,
        189.671,
        182.861,
        177.791,
        187.887,
        189.022,
        191.374,
        192.564,
        191.88,
        190.726,
        189.984,
        191.412,
        189.953,
        192.964,
        188.59,
        185.762,
        186.546,
        194.263,
        452.35,
        358.846,
        374.785,
        317.355,
        293.822,
        291.818,
        261.781,
        280.07,
        269.297,
        272.674,
        283.247,
        268.17,
        274.243,
        269.001,
        261.946,
        262.597,
        285.909,
        269.446,
        248.121,
        183.16,
        180.388,
        212.776,
        192.15,
        180.005,
        178.92,
        178.058,
        178.152,
        178.485,
        176.741,
        179.062,
        200.644,
        185.098,
        189.925,
        208.146,
        210.274,
        272.339,
        207.573,
        204.009,
        196.243,
        185.998,
        189.351,
        194.395,
        196.517,
        196.229,
        202.838,
        190.824,
        192.146,
        194.729,
        199.732,
        209.843,
        194.628,
        197.383,
        189.998,
        190.788,
        187.672,
        198.379,
        192.16,
        195.804,
        185.854
      ],
      "responder_pid": 146,
      "transport_label": "same-host two processes; Fast-DDS default transports (fastdds.xml does not force UDP-only or SHM-only; do not invent SHM)"
    },
    {
      "name": "ros_reliable",
      "impl": "rclpy ByteMultiArray ping-pong (not DimosROS library QoS rewrite)",
      "qos": "reliable",
      "msg_size_bytes": 1024,
      "warmup": 50,
      "requested_samples": 400,
      "recorded_samples": 400,
      "timeouts": 0,
      "timeout_s": 1.0,
      "metric": "rtt",
      "units": "microseconds",
      "p50_us": 372.1605,
      "p95_us": 548.2590499999997,
      "p99_us": 700.8422799999996,
      "min_us": 322.012,
      "max_us": 983.556,
      "mean_us": 394.8209875,
      "stdev_us": 76.9048218875601,
      "rtt_us": [
        497.579,
        396.071,
        353.705,
        402.317,
        379.967,
        555.651,
        581.684,
        403.548,
        368.319,
        379.084,
        407.231,
        352.467,
        568.491,
        360.852,
        540.181,
        449.116,
        395.484,
        350.495,
        346.837,
        348.74,
        482.305,
        377.647,
        357.794,
        376.816,
        470.712,
        393.831,
        345.499,
        345.709,
        323.073,
        334.968,
        404.712,
        420.425,
        366.686,
        334.51,
        370.398,
        433.322,
        406.993,
        351.223,
        366.14,
        353.516,
        334.537,
        355.116,
        389.54,
        404.39,
        386.569,
        478.177,
        362.329,
        536.305,
        431.459,
        411.475,
        472.706,
        463.169,
        469.073,
        435.604,
        395.712,
        357.571,
        337.716,
        434.945,
        403.178,
        371.256,
        377.353,
        406.558,
        406.911,
        479.795,
        409.238,
        626.323,
        361.566,
        346.46,
        439.292,
        383.116,
        385.944,
        369.84,
        348.027,
        380.825,
        366.552,
        364.882,
        353.526,
        359.154,
        364.036,
        376.711,
        360.176,
        377.82,
        423.226,
        464.112,
        470.294,
        482.939,
        385.754,
        388.896,
        386.242,
        423.252,
        398.748,
        404.054,
        441.849,
        385.223,
        440.447,
        448.777,
        569.573,
        361.98,
        547.87,
        421.075,
        462.588,
        427.426,
        462.571,
        452.73,
        347.627,
        373.751,
        576.983,
        437.632,
        410.844,
        983.556,
        444.995,
        384.915,
        400.643,
        381.302,
        373.217,
        372.908,
        577.514,
        452.048,
        413.292,
        434.859,
        423.563,
        438.569,
        367.485,
        423.173,
        403.327,
        441.553,
        435.048,
        399.187,
        440.048,
        454.871,
        402.053,
        432.179,
        374.691,
        371.095,
        524.004,
        418.837,
        376.218,
        660.777,
        373.479,
        421.903,
        421.367,
        362.455,
        338.962,
        442.14,
        621.096,
        525.504,
        445.106,
        359.617,
        336.324,
        460.571,
        378.418,
        375.987,
        431.848,
        396.086,
        375.373,
        376.822,
        358.437,
        364.575,
        362.953,
        355.971,
        340.275,
        340.476,
        362.242,
        357.236,
        361.094,
        365.019,
        357.69,
        337.385,
        360.547,
        364.935,
        363.172,
        462.215,
        463.684,
        422.382,
        350.479,
        783.678,
        615.78,
        638.326,
        408.128,
        376.752,
        352.213,
        385.78,
        645.798,
        383.335,
        399.91,
        373.991,
        357.763,
        364.956,
        363.172,
        332.611,
        392.445,
        397.989,
        391.643,
        381.185,
        375.397,
        382.776,
        379.537,
        376.532,
        346.453,
        506.298,
        429.609,
        406.494,
        392.928,
        345.367,
        367.93,
        349.624,
        344.626,
        341.548,
        576.473,
        385.611,
        406.487,
        381.294,
        387.672,
        386.082,
        381.484,
        373.204,
        371.413,
        372.96,
        343.763,
        431.53,
        358.59,
        361.081,
        353.0,
        349.352,
        350.85,
        351.676,
        363.993,
        385.817,
        405.638,
        370.986,
        405.036,
        602.951,
        450.986,
        405.214,
        387.593,
        368.048,
        539.913,
        348.647,
        334.7,
        435.053,
        416.364,
        409.421,
        348.012,
        354.721,
        342.384,
        342.277,
        365.904,
        376.093,
        392.761,
        381.554,
        396.226,
        342.135,
        363.285,
        360.192,
        336.901,
        346.217,
        340.198,
        345.006,
        337.608,
        348.707,
        349.511,
        348.911,
        344.889,
        354.058,
        344.881,
        340.018,
        352.714,
        440.501,
        360.586,
        328.717,
        336.028,
        350.515,
        395.01,
        397.053,
        337.367,
        339.305,
        337.489,
        338.639,
        322.012,
        500.768,
        404.986,
        362.804,
        349.563,
        348.557,
        347.195,
        347.387,
        347.178,
        348.249,
        351.379,
        334.468,
        384.823,
        368.821,
        415.065,
        394.936,
        382.818,
        376.522,
        346.587,
        345.347,
        346.177,
        341.371,
        341.447,
        370.098,
        346.783,
        353.013,
        346.863,
        345.913,
        345.664,
        341.414,
        363.892,
        343.27,
        343.989,
        356.786,
        497.004,
        442.867,
        398.344,
        369.92,
        343.706,
        342.947,
        363.281,
        351.128,
        354.23,
        337.565,
        348.082,
        342.485,
        335.771,
        335.687,
        340.656,
        339.999,
        341.04,
        361.238,
        342.051,
        338.548,
        332.833,
        331.271,
        404.41,
        402.43,
        397.926,
        335.835,
        467.867,
        384.579,
        358.815,
        351.103,
        343.565,
        381.634,
        346.452,
        347.206,
        700.395,
        382.834,
        354.643,
        422.506,
        352.876,
        383.852,
        388.631,
        363.638,
        352.009,
        397.393,
        346.367,
        344.506,
        343.483,
        341.499,
        348.836,
        348.785,
        335.771,
        344.486,
        339.181,
        347.089,
        340.691,
        346.589,
        339.341,
        341.86,
        653.702,
        366.374,
        343.802,
        344.995,
        357.564,
        365.915,
        402.688,
        344.019,
        853.82,
        380.713,
        350.181,
        352.554,
        359.525,
        391.356,
        395.294,
        745.123,
        404.367,
        354.665,
        344.095,
        343.712,
        344.901,
        346.555,
        375.802,
        363.072,
        410.153,
        393.922,
        344.758,
        341.353,
        345.573,
        336.887
      ],
      "responder_pid": 168,
      "transport_label": "same-host two processes; Fast-DDS default transports (fastdds.xml does not force UDP-only or SHM-only; do not invent SHM)"
    },
    {
      "name": "ros_reliable",
      "impl": "rclpy ByteMultiArray ping-pong (not DimosROS library QoS rewrite)",
      "qos": "reliable",
      "msg_size_bytes": 16384,
      "warmup": 50,
      "requested_samples": 400,
      "recorded_samples": 400,
      "timeouts": 0,
      "timeout_s": 1.0,
      "metric": "rtt",
      "units": "microseconds",
      "p50_us": 2972.774,
      "p95_us": 3290.0568,
      "p99_us": 3430.1403499999997,
      "min_us": 2556.444,
      "max_us": 3561.31,
      "mean_us": 2976.4725325000004,
      "stdev_us": 190.1558066972422,
      "rtt_us": [
        3154.892,
        2893.197,
        2895.657,
        2679.416,
        3104.615,
        3133.391,
        3198.881,
        3035.192,
        3117.681,
        2640.688,
        3182.341,
        3115.142,
        3154.895,
        3282.89,
        3131.18,
        3096.169,
        2904.204,
        2915.511,
        3093.015,
        3034.083,
        3123.818,
        3046.353,
        2755.797,
        2884.366,
        3269.237,
        3113.506,
        3111.996,
        3052.498,
        2950.304,
        2898.802,
        2820.114,
        3122.078,
        3062.117,
        3115.691,
        2923.687,
        3126.024,
        3154.382,
        3174.056,
        3279.788,
        3238.131,
        3178.081,
        3240.925,
        2628.214,
        3089.72,
        3265.092,
        3226.466,
        3161.456,
        3117.821,
        2924.841,
        2590.878,
        2903.755,
        3099.723,
        2885.625,
        3125.8,
        2934.246,
        3147.121,
        3141.21,
        3205.744,
        3086.685,
        3195.917,
        3155.787,
        2935.232,
        2945.048,
        3143.586,
        3135.445,
        2924.399,
        3131.498,
        3105.245,
        3143.319,
        3177.657,
        3297.818,
        3232.609,
        2994.505,
        3160.41,
        3371.596,
        2830.593,
        2771.982,
        2724.229,
        2849.995,
        3039.652,
        2990.131,
        3078.104,
        2955.308,
        2990.264,
        2811.381,
        2909.209,
        3236.831,
        3063.429,
        3029.28,
        3003.549,
        2890.911,
        2575.202,
        3194.832,
        3083.89,
        3306.606,
        3287.909,
        3458.093,
        2981.693,
        2837.674,
        2999.752,
        3200.001,
        3333.066,
        3048.912,
        3195.996,
        2852.222,
        2832.402,
        3101.905,
        3286.142,
        3066.065,
        3032.052,
        3186.127,
        2822.403,
        2729.228,
        3094.497,
        2878.328,
        2958.457,
        2819.81,
        2755.461,
        2756.698,
        3045.92,
        2939.144,
        2946.235,
        3129.868,
        3076.387,
        3059.445,
        2892.504,
        2904.082,
        3039.718,
        3289.97,
        2992.779,
        3401.261,
        3339.366,
        2987.028,
        3040.999,
        3356.655,
        2948.883,
        3021.268,
        3058.976,
        2950.653,
        3032.521,
        2928.806,
        2856.112,
        3080.55,
        3096.637,
        3088.769,
        3026.362,
        3198.781,
        2650.562,
        2883.951,
        3070.43,
        2919.524,
        2876.349,
        2925.162,
        2888.763,
        2998.339,
        3031.243,
        3083.426,
        3028.066,
        2879.512,
        3113.074,
        3010.311,
        3023.349,
        2967.214,
        2759.911,
        2761.916,
        3009.052,
        3009.291,
        2795.033,
        2657.342,
        2911.636,
        3157.149,
        3180.461,
        3118.171,
        3038.204,
        2793.33,
        2957.651,
        3110.174,
        3267.397,
        3153.642,
        2973.244,
        2639.124,
        2752.492,
        2876.859,
        3185.46,
        3083.74,
        2735.791,
        2906.407,
        3107.288,
        3014.571,
        3291.706,
        2933.96,
        2722.782,
        2861.659,
        2926.741,
        3168.591,
        2865.697,
        2591.992,
        3055.322,
        3126.715,
        3275.248,
        2861.118,
        2987.391,
        2719.686,
        3185.07,
        3383.364,
        3130.538,
        3129.408,
        2975.197,
        2926.165,
        3080.904,
        2660.861,
        3117.113,
        2992.786,
        3098.199,
        2976.01,
        2889.513,
        3065.486,
        3051.048,
        2943.783,
        2764.954,
        2644.732,
        2606.707,
        2677.377,
        2622.851,
        2940.136,
        2765.814,
        2758.141,
        2569.269,
        2563.324,
        3280.378,
        2793.911,
        2804.31,
        2762.816,
        2994.527,
        2770.689,
        2870.246,
        2615.711,
        2744.551,
        2975.224,
        2859.678,
        2835.973,
        2704.065,
        2695.061,
        2780.67,
        2866.522,
        2933.584,
        2863.774,
        2899.638,
        3059.587,
        2817.251,
        2906.584,
        2787.808,
        2692.556,
        2714.114,
        2676.068,
        2556.444,
        2704.99,
        2838.958,
        3041.185,
        2663.664,
        2662.327,
        2757.728,
        2756.257,
        2761.49,
        2771.064,
        2895.848,
        2863.465,
        2725.716,
        2803.471,
        2949.053,
        2886.476,
        2796.304,
        2807.677,
        2906.412,
        2911.983,
        2828.147,
        2833.331,
        3021.318,
        2814.33,
        2748.523,
        2994.03,
        2808.37,
        2853.244,
        2894.511,
        2724.449,
        2789.493,
        2787.828,
        2821.529,
        2860.517,
        2842.325,
        2895.826,
        2836.409,
        2737.421,
        2794.475,
        2807.507,
        2856.48,
        2871.008,
        2756.688,
        2774.942,
        2999.385,
        2819.356,
        2775.935,
        2801.626,
        2872.789,
        2755.292,
        2811.063,
        2871.821,
        2975.42,
        2826.744,
        2969.596,
        2853.217,
        2772.266,
        2884.348,
        2807.685,
        2750.42,
        2814.073,
        2756.129,
        2823.169,
        2891.062,
        2796.076,
        2697.955,
        2782.258,
        2925.972,
        2884.883,
        3072.117,
        3245.087,
        3062.646,
        3117.777,
        3268.461,
        2972.304,
        3069.939,
        3014.378,
        3045.124,
        3261.66,
        3486.801,
        3341.976,
        3388.201,
        3109.228,
        3251.511,
        2936.78,
        3002.291,
        3193.053,
        3106.641,
        3043.467,
        3169.245,
        2794.267,
        2953.117,
        3044.178,
        3301.195,
        2992.936,
        2971.007,
        2844.693,
        3126.347,
        3198.985,
        2906.837,
        2882.285,
        2780.838,
        2672.006,
        2910.517,
        2977.343,
        3193.501,
        2964.145,
        2660.847,
        3147.912,
        2794.371,
        2999.695,
        2953.489,
        2768.373,
        3027.877,
        3518.514,
        3344.89,
        3270.936,
        3561.31,
        3229.771,
        3429.858,
        3368.563,
        3394.81,
        3067.538,
        3190.414,
        3008.83,
        3233.355,
        3082.435,
        3019.629,
        3061.832,
        2966.344,
        2789.443,
        3073.174,
        2984.843,
        3090.211,
        3119.098,
        2776.281,
        2723.002,
        2906.912,
        3078.9,
        2957.909,
        2891.263,
        2899.103,
        3037.091,
        2978.749,
        3090.33
      ],
      "responder_pid": 190,
      "transport_label": "same-host two processes; Fast-DDS default transports (fastdds.xml does not force UDP-only or SHM-only; do not invent SHM)"
    },
    {
      "name": "ros_reliable",
      "impl": "rclpy ByteMultiArray ping-pong (not DimosROS library QoS rewrite)",
      "qos": "reliable",
      "msg_size_bytes": 65536,
      "warmup": 50,
      "requested_samples": 400,
      "recorded_samples": 400,
      "timeouts": 0,
      "timeout_s": 1.0,
      "metric": "rtt",
      "units": "microseconds",
      "p50_us": 10253.291,
      "p95_us": 10947.888799999999,
      "p99_us": 12135.054039999995,
      "min_us": 9497.236,
      "max_us": 13124.4,
      "mean_us": 10333.29379,
      "stdev_us": 421.2942457370453,
      "rtt_us": [
        10159.757,
        10046.807,
        10211.561,
        10235.73,
        10101.425,
        10359.552,
        10520.427,
        10204.76,
        10272.158,
        10151.553,
        10228.857,
        10188.039,
        10103.038,
        9998.795,
        10416.6,
        10198.434,
        10222.401,
        10801.971,
        10356.299,
        10293.305,
        10116.11,
        10272.409,
        10249.052,
        10056.134,
        10211.396,
        10056.573,
        10075.298,
        10278.549,
        10491.577,
        10384.156,
        10126.414,
        9817.056,
        10089.087,
        10102.248,
        10191.053,
        9936.013,
        10375.289,
        10333.275,
        10080.326,
        10490.269,
        10313.298,
        10211.039,
        10349.293,
        10222.271,
        10063.82,
        10021.48,
        13102.119,
        10328.726,
        10048.16,
        10500.474,
        10390.717,
        10541.465,
        10101.713,
        10233.817,
        10304.157,
        10327.545,
        9925.21,
        9671.107,
        10483.217,
        10294.568,
        9990.825,
        10226.395,
        10434.094,
        10098.256,
        10344.822,
        10492.615,
        10193.424,
        9956.305,
        10757.557,
        11080.052,
        9869.154,
        11336.189,
        10388.214,
        10328.793,
        10414.874,
        10291.938,
        10153.646,
        10129.025,
        10331.744,
        10046.352,
        10287.149,
        10127.125,
        10091.686,
        10345.12,
        10114.47,
        10088.637,
        10177.196,
        10574.421,
        10415.059,
        10184.798,
        10800.665,
        10815.457,
        10662.843,
        12714.109,
        13098.574,
        13124.4,
        10511.395,
        10368.617,
        10082.461,
        11492.745,
        10533.977,
        11027.792,
        10506.403,
        10223.053,
        10103.086,
        10169.208,
        10063.635,
        10127.074,
        10246.171,
        10503.476,
        11236.46,
        9930.165,
        10031.148,
        10125.562,
        10144.017,
        10334.764,
        10447.825,
        10097.54,
        10417.291,
        10711.761,
        10321.124,
        9929.89,
        10183.729,
        10760.288,
        10698.972,
        10195.511,
        10630.102,
        10450.939,
        10604.889,
        10819.958,
        11652.579,
        10988.417,
        11336.845,
        10866.647,
        10298.389,
        10487.465,
        12129.205,
        11716.448,
        11744.134,
        10635.263,
        10456.054,
        10053.72,
        10220.2,
        9975.874,
        9853.288,
        10474.665,
        10733.404,
        10348.972,
        10272.742,
        10122.115,
        9994.551,
        10200.587,
        10180.073,
        9724.666,
        10044.533,
        10121.186,
        10074.757,
        10205.257,
        10387.977,
        10522.665,
        9831.738,
        10454.819,
        10113.191,
        10171.386,
        10163.433,
        9964.191,
        10071.152,
        10125.886,
        10084.17,
        10352.865,
        10293.275,
        10152.943,
        10047.915,
        9922.81,
        10070.352,
        10197.79,
        10459.764,
        10331.85,
        10815.014,
        10356.921,
        10331.247,
        10500.124,
        10215.205,
        10339.008,
        10153.764,
        10232.811,
        10403.085,
        10059.465,
        10484.214,
        10142.006,
        10391.478,
        10338.776,
        10216.675,
        10279.931,
        10045.562,
        10306.54,
        10251.684,
        10200.418,
        10156.777,
        10047.938,
        10228.608,
        9999.145,
        10763.747,
        10151.051,
        10089.546,
        10059.486,
        10323.662,
        10241.608,
        10035.063,
        10216.088,
        10027.29,
        10053.347,
        10318.875,
        10514.185,
        10871.327,
        10320.45,
        10977.753,
        10416.264,
        10042.421,
        10300.741,
        10362.887,
        10094.054,
        9988.179,
        10065.407,
        9915.584,
        10102.681,
        10070.253,
        10349.64,
        10590.092,
        10666.167,
        10444.335,
        10646.283,
        10728.928,
        10587.387,
        10363.354,
        10786.913,
        10299.208,
        10496.655,
        10014.14,
        9816.539,
        10510.539,
        9881.026,
        10268.254,
        10044.361,
        10306.426,
        10437.377,
        10175.126,
        10828.143,
        10229.571,
        10294.207,
        11636.768,
        10749.189,
        10260.51,
        11137.92,
        10502.586,
        10215.117,
        10327.75,
        10367.433,
        10349.065,
        9954.252,
        10421.722,
        10261.35,
        10102.446,
        10212.367,
        9946.49,
        10367.954,
        10140.785,
        10159.368,
        10252.342,
        11006.07,
        10539.842,
        10375.285,
        10524.993,
        10177.935,
        10049.098,
        10431.118,
        10266.535,
        10194.102,
        10643.088,
        10324.648,
        10184.107,
        10223.523,
        10360.76,
        10004.896,
        10394.62,
        10136.285,
        10095.21,
        10324.114,
        10086.662,
        10379.886,
        10300.922,
        10089.114,
        10006.872,
        10071.326,
        10061.487,
        10037.3,
        10663.612,
        10095.143,
        10375.462,
        10246.896,
        10283.273,
        10670.173,
        10373.742,
        10472.555,
        10422.501,
        10755.446,
        10436.962,
        10163.757,
        10518.225,
        10123.264,
        9839.612,
        10463.563,
        10022.131,
        10418.124,
        10383.655,
        10315.427,
        10455.967,
        10066.558,
        10217.574,
        10446.969,
        10113.468,
        10787.573,
        10129.727,
        9821.668,
        9588.393,
        9675.324,
        9604.113,
        9873.458,
        9820.757,
        9497.236,
        10266.702,
        10033.644,
        10061.207,
        10451.382,
        10490.115,
        10267.84,
        10781.205,
        10708.343,
        10155.86,
        9977.265,
        10085.675,
        10536.839,
        10429.181,
        10939.886,
        10749.812,
        10613.594,
        10574.08,
        10224.41,
        10753.577,
        10228.994,
        10487.645,
        11032.275,
        10946.317,
        9948.197,
        10202.564,
        10336.404,
        10463.039,
        10442.944,
        10493.692,
        10473.122,
        10522.646,
        10387.572,
        10254.24,
        10315.85,
        10108.135,
        10169.786,
        10123.456,
        10123.145,
        10164.66,
        10591.826,
        10261.502,
        10324.52,
        10299.054,
        10230.914,
        10159.563,
        10090.077,
        10687.379,
        9809.377,
        9967.22,
        10331.498,
        10160.987,
        10179.355,
        10279.999,
        10269.244,
        10094.355,
        10099.366,
        9963.896,
        10140.141,
        10069.807,
        10110.464,
        10139.339,
        10210.406,
        10104.352,
        9974.332,
        10098.15,
        9904.778,
        10141.872,
        10093.985,
        10098.351,
        10338.403
      ],
      "responder_pid": 212,
      "transport_label": "same-host two processes; Fast-DDS default transports (fastdds.xml does not force UDP-only or SHM-only; do not invent SHM)"
    }
  ]
}

